<<<<<<< HEAD
0 228.366
0.000347222 228.37
0.000694444 228.375
0.00104167 228.382
0.00138889 228.392
0.00173611 228.403
0.00208333 228.416
0.00243056 228.432
0.00277778 228.449
0.003125 228.468
0.00347222 228.489
0.00381944 228.512
0.00416667 228.537
0.00451389 228.564
0.00486111 228.592
0.00520833 228.622
0.00555556 228.654
0.00590278 228.688
0.00625 228.723
0.00659722 228.759
0.00694444 228.797
0.00729167 228.837
0.00763889 228.878
0.00798611 228.92
0.00833333 228.963
0.00868056 229.008
0.00902778 229.054
0.009375 229.101
0.00972222 229.149
0.0100694 229.198
0.0104167 229.248
0.0107639 229.299
0.0111111 229.35
0.0114583 229.402
0.0118056 229.455
0.0121528 229.509
0.0125 229.563
0.0128472 229.618
0.0131944 229.673
0.0135417 229.729
0.0138889 229.785
0.0142361 229.841
0.0145833 229.898
0.0149306 229.954
0.0152778 230.011
0.015625 230.069
0.0159722 230.126
0.0163194 230.183
0.0166667 230.24
0.0170139 230.297
0.0173611 230.355
0.0177083 230.412
0.0180556 230.468
0.0184028 230.525
0.01875 230.582
0.0190972 230.638
0.0194444 230.694
0.0197917 230.749
0.0201389 230.805
0.0204861 230.86
0.0208333 230.914
0.0211806 230.968
0.0215278 231.022
0.021875 231.075
0.0222222 231.128
0.0225694 231.181
0.0229167 231.232
0.0232639 231.284
0.0236111 231.334
0.0239583 231.385
0.0243056 231.434
0.0246528 231.483
0.025 231.531
0.0253472 231.579
0.0256944 231.626
0.0260417 231.672
0.0263889 231.718
0.0267361 231.762
0.0270833 231.807
0.0274306 231.85
0.0277778 231.892
0.028125 231.934
0.0284722 231.975
0.0288194 232.015
0.0291667 232.054
0.0295139 232.092
0.0298611 232.129
0.0302083 232.166
0.0305556 232.201
0.0309028 232.235
0.03125 232.269
0.0315972 232.301
0.0319444 232.332
0.0322917 232.362
0.0326389 232.391
0.0329861 232.419
0.0333333 232.445
0.0336806 232.471
0.0340278 232.495
0.034375 232.518
0.0347222 232.539
0.0350694 232.559
0.0354167 232.578
0.0357639 232.596
0.0361111 232.612
0.0364583 232.627
0.0368056 232.64
0.0371528 232.652
0.0375 232.662
0.0378472 232.671
0.0381944 232.678
0.0385417 232.684
0.0388889 232.688
0.0392361 232.69
0.0395833 232.691
0.0399306 232.69
0.0402778 232.688
0.040625 232.684
0.0409722 232.679
0.0413194 232.671
0.0416667 232.662
0.0420139 232.652
0.0423611 232.64
0.0427083 232.626
0.0430556 232.611
0.0434028 232.594
0.04375 232.575
0.0440972 232.555
0.0444444 232.533
0.0447917 232.51
0.0451389 232.486
0.0454861 232.459
0.0458333 232.432
0.0461806 232.403
0.0465278 232.373
0.046875 232.341
0.0472222 232.308
0.0475694 232.274
0.0479167 232.239
0.0482639 232.202
0.0486111 232.165
0.0489583 232.126
0.0493056 232.087
0.0496528 232.047
0.05 232.005
0.0503472 231.964
0.0506944 231.921
0.0510417 231.878
0.0513889 231.835
0.0517361 231.791
0.0520833 231.746
0.0524306 231.702
0.0527778 231.657
0.053125 231.612
0.0534722 231.567
0.0538194 231.522
0.0541667 231.478
0.0545139 231.433
0.0548611 231.389
0.0552083 231.345
0.0555556 231.302
0.0559028 231.259
0.05625 231.217
0.0565972 231.176
0.0569444 231.135
0.0572917 231.095
0.0576389 231.057
0.0579861 231.019
0.0583333 230.983
0.0586806 230.947
0.0590278 230.913
0.059375 230.88
0.0597222 230.849
0.0600694 230.819
0.0604167 230.791
0.0607639 230.764
0.0611111 230.739
0.0614583 230.715
0.0618056 230.694
0.0621528 230.674
0.0625 230.656
0.0628472 230.639
0.0631944 230.625
0.0635417 230.613
0.0638889 230.602
0.0642361 230.594
0.0645833 230.587
0.0649306 230.583
0.0652778 230.58
0.065625 230.58
0.0659722 230.581
0.0663194 230.585
0.0666667 230.591
0.0670139 230.598
0.0673611 230.608
0.0677083 230.62
0.0680556 230.634
0.0684028 230.65
0.06875 230.667
0.0690972 230.687
0.0694444 230.709
0.0697917 230.732
0.0701389 230.757
0.0704861 230.784
0.0708333 230.813
0.0711806 230.844
0.0715278 230.876
0.071875 230.91
0.0722222 230.945
0.0725694 230.982
0.0729167 231.021
0.0732639 231.061
0.0736111 231.102
0.0739583 231.144
0.0743056 231.188
0.0746528 231.233
0.075 231.279
0.0753472 231.327
0.0756944 231.375
0.0760417 231.424
0.0763889 231.474
0.0767361 231.525
0.0770833 231.577
0.0774306 231.63
0.0777778 231.683
0.078125 231.737
0.0784722 231.791
0.0788194 231.846
0.0791667 231.901
0.0795139 231.957
0.0798611 232.013
0.0802083 232.069
0.0805556 232.126
0.0809028 232.183
0.08125 232.24
0.0815972 232.297
0.0819444 232.354
0.0822917 232.411
0.0826389 232.468
0.0829861 232.525
0.0833333 232.582
0.0836806 232.639
0.0840278 232.696
0.084375 232.752
0.0847222 232.809
0.0850694 232.865
0.0854167 232.921
0.0857639 232.976
0.0861111 233.031
0.0864583 233.086
0.0868056 233.14
0.0871528 233.194
0.0875 233.248
0.0878472 233.301
0.0881944 233.353
0.0885417 233.406
0.0888889 233.457
0.0892361 233.508
0.0895833 233.559
0.0899306 233.609
0.0902778 233.658
0.090625 233.707
0.0909722 233.755
0.0913194 233.802
0.0916667 233.849
0.0920139 233.895
0.0923611 233.94
0.0927083 233.985
0.0930556 234.028
0.0934028 234.071
0.09375 234.114
0.0940972 234.155
0.0944444 234.196
0.0947917 234.235
0.0951389 234.274
0.0954861 234.312
0.0958333 234.349
0.0961805 234.385
0.0965278 234.42
0.096875 234.454
0.0972222 234.487
0.0975694 234.519
0.0979167 234.55
0.0982639 234.58
0.0986111 234.609
0.0989583 234.636
0.0993055 234.663
0.0996528 234.688
0.1 234.712
0.100347 234.734
0.100694 234.756
0.101042 234.775
0.101389 234.794
0.101736 234.811
0.102083 234.827
0.102431 234.842
0.102778 234.855
0.103125 234.866
0.103472 234.876
0.103819 234.885
0.104167 234.892
0.104514 234.897
0.104861 234.901
0.105208 234.903
0.105556 234.904
0.105903 234.903
0.10625 234.901
0.106597 234.897
0.106944 234.891
0.107292 234.883
0.107639 234.874
0.107986 234.864
0.108333 234.851
0.108681 234.837
0.109028 234.822
0.109375 234.805
0.109722 234.786
0.110069 234.766
0.110417 234.744
0.110764 234.721
0.111111 234.696
0.111458 234.669
0.111806 234.642
0.112153 234.613
0.1125 234.582
0.112847 234.55
0.113194 234.517
0.113542 234.483
0.113889 234.448
0.114236 234.411
0.114583 234.374
0.114931 234.335
0.115278 234.296
0.115625 234.255
0.115972 234.214
0.116319 234.172
0.116667 234.13
0.117014 234.087
0.117361 234.043
0.117708 233.999
0.118056 233.955
0.118403 233.91
0.11875 233.866
0.119097 233.821
0.119444 233.776
0.119792 233.731
0.120139 233.687
0.120486 233.642
0.120833 233.598
0.121181 233.555
0.121528 233.512
0.121875 233.469
0.122222 233.427
0.122569 233.386
0.122917 233.346
0.123264 233.306
0.123611 233.268
0.123958 233.23
0.124306 233.194
0.124653 233.159
0.125 233.125
0.125347 233.093
0.125694 233.062
0.126042 233.032
0.126389 233.004
0.126736 232.978
0.127083 232.953
0.127431 232.93
0.127778 232.908
0.128125 232.889
0.128472 232.871
0.128819 232.855
0.129167 232.841
0.129514 232.829
0.129861 232.819
0.130208 232.811
0.130556 232.805
0.130903 232.801
0.13125 232.799
0.131597 232.799
0.131944 232.801
0.132292 232.805
0.132639 232.811
0.132986 232.819
0.133333 232.829
0.133681 232.842
0.134028 232.856
0.134375 232.872
0.134722 232.89
0.135069 232.91
0.135417 232.932
0.135764 232.956
0.136111 232.982
0.136458 233.009
0.136806 233.038
0.137153 233.069
0.1375 233.102
0.137847 233.136
0.138194 233.172
0.138542 233.209
0.138889 233.248
0.139236 233.288
0.139583 233.33
0.139931 233.372
0.140278 233.416
0.140625 233.462
0.140972 233.508
0.141319 233.555
0.141667 233.604
0.142014 233.653
0.142361 233.703
0.142708 233.754
0.143056 233.806
0.143403 233.859
0.14375 233.912
0.144097 233.966
0.144444 234.02
0.144792 234.075
0.145139 234.13
0.145486 234.186
0.145833 234.242
0.146181 234.298
0.146528 234.354
0.146875 234.411
0.147222 234.468
0.147569 234.525
0.147917 234.582
0.148264 234.639
0.148611 234.696
0.148958 234.753
0.149306 234.809
0.149653 234.866
0.15 234.923
0.150347 234.979
0.150694 235.035
0.151042 235.091
0.151389 235.146
0.151736 235.201
0.152083 235.256
0.152431 235.311
0.152778 235.365
0.153125 235.419
0.153472 235.472
0.153819 235.525
0.154167 235.577
0.154514 235.629
0.154861 235.68
0.155208 235.731
0.155556 235.781
0.155903 235.83
0.15625 235.879
0.156597 235.928
0.156944 235.975
0.157292 236.023
0.157639 236.069
0.157986 236.115
0.158333 236.16
0.158681 236.204
0.159028 236.247
0.159375 236.29
0.159722 236.332
0.160069 236.373
0.160417 236.413
0.160764 236.453
0.161111 236.491
0.161458 236.529
0.161806 236.566
0.162153 236.601
0.1625 236.636
0.162847 236.67
0.163194 236.702
0.163542 236.734
0.163889 236.765
0.164236 236.794
0.164583 236.823
0.164931 236.85
0.165278 236.876
0.165625 236.901
0.165972 236.924
0.166319 236.946
0.166667 236.968
0.167014 236.987
0.167361 237.006
0.167708 237.023
0.168056 237.038
0.168403 237.052
0.16875 237.065
0.169097 237.076
0.169444 237.086
0.169792 237.095
0.170139 237.101
0.170486 237.107
0.170833 237.11
0.171181 237.112
0.171528 237.113
0.171875 237.112
0.172222 237.109
0.172569 237.105
0.172917 237.099
0.173264 237.091
0.173611 237.082
0.173958 237.071
0.174306 237.059
0.174653 237.045
0.175 237.029
0.175347 237.012
0.175694 236.993
0.176042 236.973
0.176389 236.951
0.176736 236.927
0.177083 236.902
0.177431 236.876
0.177778 236.848
0.178125 236.819
0.178472 236.789
0.178819 236.757
0.179167 236.724
0.179514 236.689
0.179861 236.654
0.180208 236.617
0.180556 236.58
0.180903 236.541
0.18125 236.502
0.181597 236.462
0.181944 236.421
0.182292 236.379
0.182639 236.337
0.182986 236.294
0.183333 236.25
0.183681 236.206
0.184028 236.162
0.184375 236.118
0.184722 236.073
0.185069 236.029
0.185417 235.984
0.185764 235.94
0.186111 235.895
0.186458 235.851
0.186806 235.807
0.187153 235.764
0.1875 235.721
0.187847 235.679
0.188194 235.637
0.188542 235.596
0.188889 235.556
0.189236 235.517
0.189583 235.479
0.189931 235.442
0.190278 235.406
0.190625 235.371
0.190972 235.338
0.191319 235.306
0.191667 235.275
0.192014 235.246
0.192361 235.218
0.192708 235.192
0.193056 235.168
0.193403 235.145
0.19375 235.124
0.194097 235.105
0.194444 235.088
0.194792 235.072
0.195139 235.059
0.195486 235.047
0.195833 235.038
0.196181 235.03
0.196528 235.024
0.196875 235.021
0.197222 235.019
0.197569 235.02
0.197917 235.022
0.198264 235.027
0.198611 235.033
0.198958 235.042
0.199306 235.053
0.199653 235.065
0.2 235.08
0.200347 235.097
0.200694 235.115
0.201042 235.136
0.201389 235.158
0.201736 235.182
0.202083 235.209
0.202431 235.236
0.202778 235.266
0.203125 235.297
0.203472 235.33
0.203819 235.365
0.204167 235.401
0.204514 235.438
0.204861 235.477
0.205208 235.518
0.205556 235.56
0.205903 235.603
0.20625 235.647
0.206597 235.692
0.206944 235.739
0.207292 235.786
0.207639 235.835
0.207986 235.884
0.208333 235.934
0.208681 235.986
0.209028 236.037
0.209375 236.09
0.209722 236.143
0.210069 236.197
0.210417 236.251
0.210764 236.306
0.211111 236.361
0.211458 236.417
0.211806 236.472
0.212153 236.528
0.2125 236.585
0.212847 236.641
0.213194 236.698
0.213542 236.755
0.213889 236.811
0.214236 236.868
0.214583 236.925
0.214931 236.981
0.215278 237.038
0.215625 237.094
0.215972 237.15
0.216319 237.206
0.216667 237.262
0.217014 237.318
0.217361 237.373
0.217708 237.428
0.218056 237.482
0.218403 237.536
0.21875 237.59
0.219097 237.643
0.219444 237.696
0.219792 237.749
0.220139 237.801
0.220486 237.852
0.220833 237.903
0.221181 237.953
0.221528 238.003
0.221875 238.052
0.222222 238.101
0.222569 238.149
0.222917 238.196
0.223264 238.243
0.223611 238.289
0.223958 238.334
0.224306 238.379
0.224653 238.423
0.225 238.466
0.225347 238.508
0.225694 238.549
0.226042 238.59
0.226389 238.63
0.226736 238.669
0.227083 238.707
0.227431 238.744
0.227778 238.781
0.228125 238.816
0.228472 238.85
0.228819 238.884
0.229167 238.916
0.229514 238.947
0.229861 238.978
0.230208 239.007
0.230556 239.035
0.230903 239.062
0.23125 239.087
0.231597 239.112
0.231944 239.135
0.232292 239.157
0.232639 239.178
0.232986 239.197
0.233333 239.215
0.233681 239.232
0.234028 239.247
0.234375 239.261
0.234722 239.273
0.235069 239.284
0.235417 239.294
0.235764 239.302
0.236111 239.309
0.236458 239.313
0.236806 239.317
0.237153 239.319
0.2375 239.319
0.237847 239.318
0.238194 239.315
0.238542 239.31
0.238889 239.304
0.239236 239.296
0.239583 239.287
0.239931 239.276
0.240278 239.263
0.240625 239.249
0.240972 239.233
0.241319 239.216
0.241667 239.197
0.242014 239.176
0.242361 239.154
0.242708 239.13
0.243056 239.105
0.243403 239.079
0.24375 239.051
0.244097 239.022
0.244444 238.991
0.244792 238.959
0.245139 238.926
0.245486 238.892
0.245833 238.856
0.246181 238.82
0.246528 238.782
0.246875 238.744
0.247222 238.705
0.247569 238.664
0.247917 238.623
0.248264 238.582
0.248611 238.539
0.248958 238.497
0.249306 238.453
0.249653 238.41
0.25 238.366
0.250347 238.321
0.250694 238.277
0.251042 238.233
0.251389 238.188
0.251736 238.144
0.252083 238.1
0.252431 238.056
0.252778 238.012
0.253125 237.969
0.253472 237.926
0.253819 237.884
0.254167 237.843
0.254514 237.803
0.254861 237.763
0.255208 237.724
0.255556 237.686
0.255903 237.65
0.25625 237.614
0.256597 237.58
0.256944 237.547
0.257292 237.515
0.257639 237.485
0.257986 237.456
0.258333 237.429
0.258681 237.403
0.259028 237.38
0.259375 237.357
0.259722 237.337
0.260069 237.318
0.260417 237.302
0.260764 237.287
0.261111 237.274
0.261458 237.263
0.261806 237.253
0.262153 237.246
0.2625 237.241
0.262847 237.238
0.263194 237.237
0.263542 237.238
0.263889 237.241
0.264236 237.246
0.264583 237.254
0.264931 237.263
0.265278 237.274
0.265625 237.287
0.265972 237.302
0.266319 237.32
0.266667 237.339
0.267014 237.36
0.267361 237.383
0.267708 237.407
0.268056 237.434
0.268403 237.462
0.26875 237.492
0.269097 237.524
0.269444 237.557
0.269792 237.592
0.270139 237.629
0.270486 237.667
0.270833 237.706
0.271181 237.747
0.271528 237.789
0.271875 237.832
0.272222 237.877
0.272569 237.922
0.272917 237.969
0.273264 238.017
0.273611 238.066
0.273958 238.115
0.274306 238.166
0.274653 238.217
0.275 238.269
0.275347 238.322
0.275694 238.375
0.276042 238.429
0.276389 238.483
0.276736 238.538
0.277083 238.593
0.277431 238.649
0.277778 238.704
0.278125 238.76
0.278472 238.817
0.278819 238.873
0.279167 238.93
0.279514 238.986
0.279861 239.043
0.280208 239.099
0.280556 239.156
0.280903 239.212
0.28125 239.269
0.281597 239.325
0.281944 239.381
0.282292 239.437
0.282639 239.492
0.282986 239.547
0.283333 239.602
0.283681 239.657
0.284028 239.711
0.284375 239.765
0.284722 239.818
0.285069 239.871
0.285417 239.924
0.285764 239.976
0.286111 240.027
0.286458 240.078
0.286806 240.129
0.287153 240.179
0.2875 240.228
0.287847 240.277
0.288194 240.325
0.288542 240.373
0.288889 240.42
0.289236 240.466
0.289583 240.511
0.289931 240.556
0.290278 240.6
0.290625 240.644
0.290972 240.686
0.291319 240.728
0.291667 240.769
0.292014 240.81
0.292361 240.849
0.292708 240.888
0.293056 240.926
0.293403 240.962
0.29375 240.998
0.294097 241.033
0.294444 241.067
0.294792 241.1
0.295139 241.132
0.295486 241.163
0.295833 241.193
0.296181 241.222
0.296528 241.249
0.296875 241.276
0.297222 241.301
0.297569 241.325
0.297917 241.348
0.298264 241.37
0.298611 241.39
0.298958 241.409
0.299306 241.427
0.299653 241.443
0.3 241.458
0.300347 241.472
0.300694 241.484
0.301042 241.494
0.301389 241.504
0.301736 241.511
0.302083 241.517
0.302431 241.522
0.302778 241.525
0.303125 241.527
0.303472 241.526
0.303819 241.525
0.304167 241.522
0.304514 241.517
0.304861 241.51
0.305208 241.502
0.305556 241.492
0.305903 241.481
0.30625 241.468
0.306597 241.453
0.306944 241.437
0.307292 241.42
0.307639 241.4
0.307986 241.379
0.308333 241.357
0.308681 241.333
0.309028 241.308
0.309375 241.281
0.309722 241.253
0.310069 241.224
0.310417 241.193
0.310764 241.161
0.311111 241.128
0.311458 241.093
0.311806 241.058
0.312153 241.021
0.3125 240.984
0.312847 240.945
0.313194 240.906
0.313542 240.865
0.313889 240.824
0.314236 240.783
0.314583 240.74
0.314931 240.698
0.315278 240.654
0.315625 240.611
0.315972 240.567
0.316319 240.522
0.316667 240.478
0.317014 240.434
0.317361 240.389
0.317708 240.345
0.318056 240.301
0.318403 240.257
0.31875 240.214
0.319097 240.171
0.319444 240.128
0.319792 240.087
0.320139 240.046
0.320486 240.005
0.320833 239.966
0.321181 239.927
0.321528 239.89
0.321875 239.853
0.322222 239.818
0.322569 239.784
0.322917 239.752
0.323264 239.72
0.323611 239.69
0.323958 239.662
0.324306 239.635
0.324653 239.61
0.325 239.587
0.325347 239.565
0.325694 239.545
0.326042 239.527
0.326389 239.511
0.326736 239.496
0.327083 239.484
0.327431 239.473
0.327778 239.465
0.328125 239.458
0.328472 239.454
0.328819 239.452
0.329167 239.451
0.329514 239.453
0.329861 239.456
0.330208 239.462
0.330556 239.47
0.330903 239.48
0.33125 239.492
0.331597 239.505
0.331944 239.521
0.332292 239.539
0.332639 239.559
0.332986 239.58
0.333333 239.604
0.333681 239.629
0.334028 239.656
0.334375 239.685
0.334722 239.715
0.335069 239.748
0.335417 239.781
0.335764 239.817
0.336111 239.854
0.336458 239.892
0.336806 239.932
0.337153 239.973
0.3375 240.015
0.337847 240.059
0.338194 240.104
0.338542 240.15
0.338889 240.197
0.339236 240.245
0.339583 240.294
0.339931 240.344
0.340278 240.395
0.340625 240.446
0.340972 240.498
0.341319 240.551
0.341667 240.605
0.342014 240.659
0.342361 240.713
0.342708 240.768
0.343056 240.823
0.343403 240.879
0.34375 240.935
0.344097 240.991
0.344444 241.048
0.344792 241.104
0.345139 241.161
0.345486 241.217
0.345833 241.274
0.346181 241.33
0.346528 241.387
0.346875 241.443
0.347222 241.499
0.347569 241.556
0.347917 241.611
0.348264 241.667
0.348611 241.722
0.348958 241.777
0.349306 241.832
0.349653 241.886
0.35 241.94
0.350347 241.994
0.350694 242.047
0.351042 242.1
0.351389 242.152
0.351736 242.204
0.352083 242.255
0.352431 242.306
0.352778 242.356
0.353125 242.405
0.353472 242.454
0.353819 242.503
0.354167 242.551
0.354514 242.598
0.354861 242.644
0.355208 242.69
0.355556 242.735
0.355903 242.78
0.35625 242.824
0.356597 242.867
0.356944 242.909
0.357292 242.95
0.357639 242.991
0.357986 243.031
0.358333 243.07
0.358681 243.108
0.359028 243.146
0.359375 243.182
0.359722 243.218
0.360069 243.252
0.360417 243.286
0.360764 243.318
0.361111 243.35
0.361458 243.381
0.361806 243.41
0.362153 243.439
0.3625 243.466
0.362847 243.492
0.363194 243.517
0.363542 243.541
0.363889 243.563
0.364236 243.585
0.364583 243.605
0.364931 243.623
0.365278 243.641
0.365625 243.657
0.365972 243.671
0.366319 243.684
0.366667 243.696
0.367014 243.707
0.367361 243.715
0.367708 243.723
0.368056 243.729
0.368403 243.733
0.36875 243.736
0.369097 243.737
0.369444 243.736
0.369792 243.734
0.370139 243.731
0.370486 243.725
0.370833 243.719
0.371181 243.71
0.371528 243.7
0.371875 243.688
0.372222 243.675
0.372569 243.66
0.372917 243.644
0.373264 243.626
0.373611 243.606
0.373958 243.585
0.374306 243.563
0.374653 243.539
0.375 243.513
0.375347 243.486
0.375694 243.458
0.376042 243.428
0.376389 243.397
0.376736 243.365
0.377083 243.332
0.377431 243.297
0.377778 243.261
0.378125 243.225
0.378472 243.187
0.378819 243.148
0.379167 243.108
0.379514 243.068
0.379861 243.027
0.380208 242.985
0.380556 242.943
0.380903 242.9
0.38125 242.856
0.381597 242.813
0.381944 242.768
0.382292 242.724
0.382639 242.68
0.382986 242.635
0.383333 242.591
0.383681 242.547
0.384028 242.503
0.384375 242.459
0.384722 242.416
0.385069 242.373
0.385417 242.33
0.385764 242.289
0.386111 242.248
0.386458 242.208
0.386806 242.168
0.387153 242.13
0.3875 242.093
0.387847 242.057
0.388194 242.022
0.388542 241.988
0.388889 241.956
0.389236 241.925
0.389583 241.895
0.389931 241.867
0.390278 241.841
0.390625 241.816
0.390972 241.793
0.391319 241.772
0.391667 241.752
0.392014 241.735
0.392361 241.719
0.392708 241.705
0.393056 241.693
0.393403 241.683
0.39375 241.675
0.394097 241.669
0.394444 241.665
0.394792 241.663
0.395139 241.664
0.395486 241.666
0.395833 241.67
0.396181 241.676
0.396528 241.685
0.396875 241.695
0.397222 241.707
0.397569 241.722
0.397917 241.738
0.398264 241.756
0.398611 241.776
0.398958 241.798
0.399306 241.822
0.399653 241.848
0.4 241.876
0.400347 241.905
0.400694 241.936
0.401042 241.969
0.401389 242.003
0.401736 242.039
0.402083 242.076
0.402431 242.115
0.402778 242.155
0.403125 242.196
0.403472 242.239
0.403819 242.283
0.404167 242.328
0.404514 242.375
0.404861 242.422
0.405208 242.47
0.405556 242.52
0.405903 242.57
0.40625 242.621
0.406597 242.672
0.406944 242.725
0.407292 242.778
0.407639 242.831
0.407986 242.886
0.408333 242.94
0.408681 242.995
0.409028 243.051
0.409375 243.107
0.409722 243.163
0.410069 243.219
0.410417 243.275
0.410764 243.332
0.411111 243.388
0.411458 243.445
0.411806 243.501
0.412153 243.558
0.4125 243.614
0.412847 243.671
0.413194 243.727
0.413542 243.783
0.413889 243.839
0.414236 243.894
0.414583 243.949
0.414931 244.004
0.415278 244.059
0.415625 244.113
0.415972 244.167
0.416319 244.22
0.416667 244.273
0.417014 244.325
0.417361 244.377
0.417708 244.429
0.418056 244.479
0.418403 244.53
0.41875 244.58
0.419097 244.629
0.419444 244.678
0.419792 244.726
0.420139 244.773
0.420486 244.82
0.420833 244.866
0.421181 244.912
0.421528 244.956
0.421875 245.001
0.422222 245.044
0.422569 245.087
0.422917 245.129
0.423264 245.17
0.423611 245.21
0.423958 245.25
0.424306 245.288
0.424653 245.326
0.425 245.363
0.425347 245.399
0.425694 245.434
0.426042 245.469
0.426389 245.502
0.426736 245.534
0.427083 245.566
0.427431 245.596
0.427778 245.625
0.428125 245.653
0.428472 245.68
0.428819 245.706
0.429167 245.731
0.429514 245.754
0.429861 245.777
0.430208 245.798
0.430556 245.817
0.430903 245.836
0.43125 245.853
0.431597 245.869
0.431944 245.883
0.432292 245.896
0.432639 245.907
0.432986 245.918
0.433333 245.926
0.433681 245.933
0.434028 245.939
0.434375 245.943
0.434722 245.945
0.435069 245.946
0.435417 245.946
0.435764 245.944
0.436111 245.94
0.436458 245.934
0.436806 245.927
0.437153 245.919
0.4375 245.909
0.437847 245.897
0.438194 245.883
0.438542 245.868
0.438889 245.852
0.439236 245.834
0.439583 245.814
0.439931 245.793
0.440278 245.77
0.440625 245.746
0.440972 245.72
0.441319 245.693
0.441667 245.664
0.442014 245.635
0.442361 245.604
0.442708 245.571
0.443056 245.538
0.443403 245.503
0.44375 245.467
0.444097 245.43
0.444444 245.392
0.444792 245.353
0.445139 245.313
0.445486 245.273
0.445833 245.232
0.446181 245.19
0.446528 245.147
0.446875 245.104
0.447222 245.061
0.447569 245.017
0.447917 244.973
0.448264 244.929
0.448611 244.884
0.448958 244.84
0.449306 244.795
0.449653 244.751
0.45 244.707
0.450347 244.663
0.450694 244.62
0.451042 244.577
0.451389 244.535
0.451736 244.494
0.452083 244.453
0.452431 244.413
0.452778 244.374
0.453125 244.336
0.453472 244.299
0.453819 244.263
0.454167 244.228
0.454514 244.195
0.454861 244.163
0.455208 244.132
0.455556 244.103
0.455903 244.075
0.45625 244.049
0.456597 244.025
0.456944 244.002
0.457292 243.982
0.457639 243.963
0.457986 243.945
0.458333 243.93
0.458681 243.917
0.459028 243.905
0.459375 243.896
0.459722 243.888
0.460069 243.883
0.460417 243.879
0.460764 243.878
0.461111 243.878
0.461458 243.881
0.461806 243.886
0.462153 243.893
0.4625 243.901
0.462847 243.912
0.463194 243.925
0.463542 243.94
0.463889 243.956
0.464236 243.975
0.464583 243.996
0.464931 244.018
0.465278 244.043
0.465625 244.069
0.465972 244.097
0.466319 244.126
0.466667 244.158
0.467014 244.191
0.467361 244.225
0.467708 244.261
0.468056 244.299
0.468403 244.338
0.46875 244.379
0.469097 244.42
0.469444 244.463
0.469792 244.508
0.470139 244.553
0.470486 244.599
0.470833 244.647
0.471181 244.696
0.471528 244.745
0.471875 244.795
0.472222 244.846
0.472569 244.898
0.472917 244.951
0.473264 245.004
0.473611 245.058
0.473958 245.112
0.474306 245.166
0.474653 245.222
0.475 245.277
0.475347 245.333
0.475694 245.389
0.476042 245.445
0.476389 245.501
0.476736 245.558
0.477083 245.614
0.477431 245.671
0.477778 245.727
0.478125 245.783
0.478472 245.84
0.478819 245.896
0.479167 245.952
0.479514 246.008
0.479861 246.063
0.480208 246.118
0.480556 246.173
0.480903 246.228
0.48125 246.282
0.481597 246.336
0.481944 246.39
0.482292 246.443
0.482639 246.495
0.482986 246.548
0.483333 246.599
0.483681 246.65
0.484028 246.701
0.484375 246.751
0.484722 246.801
0.485069 246.85
0.485417 246.898
0.485764 246.946
0.486111 246.993
0.486458 247.039
0.486806 247.085
0.487153 247.13
0.4875 247.175
0.487847 247.219
0.488194 247.262
0.488542 247.304
0.488889 247.346
0.489236 247.387
0.489583 247.427
0.489931 247.466
0.490278 247.504
0.490625 247.542
0.490972 247.578
0.491319 247.614
0.491667 247.649
0.492014 247.683
0.492361 247.716
0.492708 247.748
0.493056 247.779
0.493403 247.809
0.49375 247.838
0.494097 247.866
0.494444 247.892
0.494792 247.918
0.495139 247.942
0.495486 247.966
0.495833 247.988
0.496181 248.008
0.496528 248.028
0.496875 248.046
0.497222 248.063
0.497569 248.079
0.497917 248.093
0.498264 248.106
0.498611 248.117
0.498958 248.127
0.499306 248.135
0.499653 248.142
0.5 248.148
0.500347 248.152
0.500694 248.154
0.501042 248.155
0.501389 248.154
0.501736 248.152
0.502083 248.148
0.502431 248.143
0.502778 248.136
0.503125 248.127
0.503472 248.117
0.503819 248.105
0.504167 248.091
0.504514 248.076
0.504861 248.06
0.505208 248.041
0.505556 248.022
0.505903 248
0.50625 247.977
0.506597 247.953
0.506944 247.927
0.507292 247.9
0.507639 247.872
0.507986 247.842
0.508333 247.811
0.508681 247.778
0.509028 247.744
0.509375 247.71
0.509722 247.674
0.510069 247.637
0.510417 247.599
0.510764 247.56
0.511111 247.52
0.511458 247.479
0.511806 247.438
0.512153 247.396
0.5125 247.354
0.512847 247.311
0.513194 247.267
0.513542 247.223
0.513889 247.179
0.514236 247.135
0.514583 247.091
0.514931 247.046
0.515278 247.002
0.515625 246.958
0.515972 246.914
0.516319 246.871
0.516667 246.827
0.517014 246.785
0.517361 246.743
0.517708 246.702
0.518056 246.661
0.518403 246.621
0.51875 246.582
0.519097 246.545
0.519444 246.508
0.519792 246.472
0.520139 246.438
0.520486 246.405
0.520833 246.373
0.521181 246.343
0.521528 246.314
0.521875 246.287
0.522222 246.262
0.522569 246.238
0.522917 246.215
0.523264 246.195
0.523611 246.176
0.523958 246.16
0.524306 246.145
0.524653 246.132
0.525 246.121
0.525347 246.112
0.525694 246.105
0.526042 246.1
0.526389 246.097
0.526736 246.096
0.527083 246.097
0.527431 246.1
0.527778 246.105
0.528125 246.112
0.528472 246.121
0.528819 246.133
0.529167 246.146
0.529514 246.161
0.529861 246.178
0.530208 246.197
0.530556 246.218
0.530903 246.241
0.53125 246.266
0.531597 246.293
0.531944 246.321
0.532292 246.351
0.532639 246.383
0.532986 246.416
0.533333 246.451
0.533681 246.487
0.534028 246.525
0.534375 246.565
0.534722 246.605
0.535069 246.647
0.535417 246.69
0.535764 246.735
0.536111 246.781
0.536458 246.827
0.536806 246.875
0.537153 246.924
0.5375 246.973
0.537847 247.024
0.538194 247.075
0.538542 247.127
0.538889 247.179
0.539236 247.232
0.539583 247.286
0.539931 247.34
0.540278 247.395
0.540625 247.45
0.540972 247.506
0.541319 247.561
0.541667 247.617
0.542014 247.673
0.542361 247.729
0.542708 247.786
0.543056 247.842
0.543403 247.898
0.54375 247.955
0.544097 248.011
0.544444 248.067
0.544792 248.123
0.545139 248.179
0.545486 248.234
0.545833 248.29
0.546181 248.345
0.546528 248.399
0.546875 248.454
0.547222 248.508
0.547569 248.561
0.547917 248.615
0.548264 248.667
0.548611 248.72
0.548958 248.772
0.549306 248.823
0.549653 248.874
0.55 248.924
0.550347 248.974
0.550694 249.023
0.551042 249.072
0.551389 249.12
0.551736 249.168
0.552083 249.214
0.552431 249.261
0.552778 249.306
0.553125 249.351
0.553472 249.395
0.553819 249.439
0.554167 249.481
0.554514 249.523
0.554861 249.565
0.555208 249.605
0.555556 249.645
0.555903 249.684
0.55625 249.722
0.556597 249.759
0.556944 249.796
0.557292 249.831
0.557639 249.866
0.557986 249.899
0.558333 249.932
0.558681 249.964
0.559028 249.994
0.559375 250.024
0.559722 250.053
0.560069 250.08
0.560417 250.107
0.560764 250.132
0.561111 250.156
0.561458 250.179
0.561806 250.201
0.562153 250.221
0.5625 250.241
0.562847 250.259
0.563194 250.275
0.563542 250.291
0.563889 250.305
0.564236 250.317
0.564583 250.328
0.564931 250.338
0.565278 250.346
0.565625 250.353
0.565972 250.358
0.566319 250.362
0.566667 250.364
0.567014 250.365
0.567361 250.364
0.567708 250.362
0.568056 250.357
0.568403 250.352
0.56875 250.345
0.569097 250.336
0.569444 250.325
0.569792 250.313
0.570139 250.3
0.570486 250.284
0.570833 250.268
0.571181 250.249
0.571528 250.229
0.571875 250.208
0.572222 250.185
0.572569 250.161
0.572917 250.135
0.573264 250.107
0.573611 250.079
0.573958 250.049
0.574306 250.018
0.574653 249.985
0.575 249.951
0.575347 249.916
0.575694 249.88
0.576042 249.843
0.576389 249.805
0.576736 249.766
0.577083 249.726
0.577431 249.686
0.577778 249.644
0.578125 249.603
0.578472 249.56
0.578819 249.517
0.579167 249.474
0.579514 249.43
0.579861 249.386
0.580208 249.342
0.580556 249.297
0.580903 249.253
0.58125 249.209
0.581597 249.165
0.581944 249.121
0.582292 249.078
0.582639 249.035
0.582986 248.992
0.583333 248.951
0.583681 248.91
0.584028 248.869
0.584375 248.83
0.584722 248.791
0.585069 248.754
0.585417 248.717
0.585764 248.682
0.586111 248.648
0.586458 248.615
0.586806 248.584
0.587153 248.554
0.5875 248.526
0.587847 248.499
0.588194 248.474
0.588542 248.45
0.588889 248.428
0.589236 248.408
0.589583 248.39
0.589931 248.374
0.590278 248.36
0.590625 248.347
0.590972 248.337
0.591319 248.328
0.591667 248.321
0.592014 248.317
0.592361 248.314
0.592708 248.314
0.593056 248.315
0.593403 248.319
0.59375 248.325
0.594097 248.332
0.594444 248.342
0.594792 248.354
0.595139 248.367
0.595486 248.383
0.595833 248.401
0.596181 248.42
0.596528 248.442
0.596875 248.465
0.597222 248.49
0.597569 248.517
0.597917 248.546
0.598264 248.576
0.598611 248.608
0.598958 248.642
0.599306 248.677
0.599653 248.714
0.6 248.752
0.600347 248.792
0.600694 248.833
0.601042 248.875
0.601389 248.919
0.601736 248.964
0.602083 249.01
0.602431 249.057
0.602778 249.105
0.603125 249.153
0.603472 249.203
0.603819 249.254
0.604167 249.305
0.604514 249.357
0.604861 249.41
0.605208 249.463
0.605556 249.517
0.605903 249.571
0.60625 249.626
0.606597 249.681
0.606944 249.737
0.607292 249.792
0.607639 249.848
0.607986 249.904
0.608333 249.96
0.608681 250.017
0.609028 250.073
0.609375 250.129
0.609722 250.186
0.610069 250.242
0.610417 250.298
0.610764 250.353
0.611111 250.409
0.611458 250.465
0.611806 250.52
0.612153 250.575
0.6125 250.629
0.612847 250.683
0.613194 250.737
0.613542 250.79
0.613889 250.843
0.614236 250.896
0.614583 250.948
0.614931 251
0.615278 251.051
0.615625 251.102
0.615972 251.152
0.616319 251.201
0.616667 251.25
0.617014 251.299
0.617361 251.346
0.617708 251.394
0.618056 251.44
0.618403 251.486
0.61875 251.531
0.619097 251.576
0.619444 251.62
0.619792 251.663
0.620139 251.706
0.620486 251.747
0.620833 251.788
0.621181 251.829
0.621528 251.868
0.621875 251.907
0.622222 251.944
0.622569 251.981
0.622917 252.017
0.623264 252.053
0.623611 252.087
0.623958 252.12
0.624306 252.152
0.624653 252.184
0.625 252.214
0.625347 252.244
0.625694 252.272
0.626042 252.299
0.626389 252.325
0.626736 252.35
0.627083 252.374
0.627431 252.397
0.627778 252.418
0.628125 252.438
0.628472 252.457
0.628819 252.475
0.629167 252.491
0.629514 252.506
0.629861 252.52
0.630208 252.532
0.630556 252.543
0.630903 252.552
0.63125 252.56
0.631597 252.566
0.631944 252.571
0.632292 252.575
0.632639 252.577
0.632986 252.577
0.633333 252.576
0.633681 252.573
0.634028 252.569
0.634375 252.563
0.634722 252.555
0.635069 252.546
0.635417 252.535
0.635764 252.523
0.636111 252.509
0.636458 252.493
0.636806 252.476
0.637153 252.458
0.6375 252.438
0.637847 252.416
0.638194 252.393
0.638542 252.368
0.638889 252.342
0.639236 252.314
0.639583 252.286
0.639931 252.255
0.640278 252.224
0.640625 252.191
0.640972 252.157
0.641319 252.122
0.641667 252.086
0.642014 252.049
0.642361 252.011
0.642708 251.972
0.643056 251.932
0.643403 251.891
0.64375 251.849
0.644097 251.807
0.644444 251.765
0.644792 251.722
0.645139 251.678
0.645486 251.634
0.645833 251.59
0.646181 251.546
0.646528 251.502
0.646875 251.458
0.647222 251.414
0.647569 251.37
0.647917 251.326
0.648264 251.283
0.648611 251.24
0.648958 251.197
0.649306 251.156
0.649653 251.115
0.65 251.075
0.650347 251.035
0.650694 250.997
0.651042 250.96
0.651389 250.923
0.651736 250.888
0.652083 250.855
0.652431 250.822
0.652778 250.791
0.653125 250.762
0.653472 250.734
0.653819 250.707
0.654167 250.683
0.654514 250.659
0.654861 250.638
0.655208 250.619
0.655556 250.601
0.655903 250.585
0.65625 250.571
0.656597 250.559
0.656944 250.549
0.657292 250.541
0.657639 250.535
0.657986 250.531
0.658333 250.529
0.658681 250.529
0.659028 250.531
0.659375 250.535
0.659722 250.541
0.660069 250.549
0.660417 250.56
0.660764 250.572
0.661111 250.586
0.661458 250.602
0.661806 250.62
0.662153 250.64
0.6625 250.662
0.662847 250.686
0.663194 250.712
0.663542 250.739
0.663889 250.769
0.664236 250.799
0.664583 250.832
0.664931 250.866
0.665278 250.902
0.665625 250.939
0.665972 250.978
0.666319 251.018
0.666667 251.059
0.667014 251.102
0.667361 251.146
0.667708 251.191
0.668056 251.237
0.668403 251.284
0.66875 251.333
0.669097 251.382
0.669444 251.432
0.669792 251.483
0.670139 251.534
0.670486 251.587
0.670833 251.64
0.671181 251.693
0.671528 251.747
0.671875 251.802
0.672222 251.856
0.672569 251.912
0.672917 251.967
0.673264 252.023
0.673611 252.079
0.673958 252.135
0.674306 252.191
0.674653 252.248
0.675 252.304
0.675347 252.36
0.675694 252.417
0.676042 252.473
0.676389 252.529
0.676736 252.584
0.677083 252.64
0.677431 252.695
0.677778 252.75
0.678125 252.805
0.678472 252.86
0.678819 252.914
0.679167 252.967
0.679514 253.021
0.679861 253.073
0.680208 253.126
0.680556 253.178
0.680903 253.229
0.68125 253.28
0.681597 253.331
0.681944 253.38
0.682292 253.43
0.682639 253.479
0.682986 253.527
0.683333 253.574
0.683681 253.621
0.684028 253.668
0.684375 253.713
0.684722 253.758
0.685069 253.803
0.685417 253.846
0.685764 253.889
0.686111 253.931
0.686458 253.973
0.686806 254.013
0.687153 254.053
0.6875 254.092
0.687847 254.131
0.688194 254.168
0.688542 254.205
0.688889 254.241
0.689236 254.275
0.689583 254.309
0.689931 254.342
0.690278 254.374
0.690625 254.406
0.690972 254.436
0.691319 254.465
0.691667 254.493
0.692014 254.519
0.692361 254.545
0.692708 254.57
0.693056 254.593
0.693403 254.615
0.69375 254.637
0.694097 254.656
0.694444 254.675
0.694792 254.692
0.695139 254.708
0.695486 254.723
0.695833 254.736
0.696181 254.748
0.696528 254.758
0.696875 254.767
0.697222 254.775
0.697569 254.781
0.697917 254.785
0.698264 254.788
0.698611 254.79
0.698958 254.79
0.699306 254.788
0.699653 254.785
0.7 254.78
0.700347 254.774
0.700694 254.766
0.701042 254.756
0.701389 254.745
0.701736 254.732
0.702083 254.718
0.702431 254.702
0.702778 254.685
0.703125 254.666
0.703472 254.646
0.703819 254.624
0.704167 254.6
0.704514 254.575
0.704861 254.549
0.705208 254.521
0.705556 254.492
0.705903 254.461
0.70625 254.43
0.706597 254.397
0.706944 254.363
0.707292 254.327
0.707639 254.291
0.707986 254.254
0.708333 254.215
0.708681 254.176
0.709028 254.136
0.709375 254.095
0.709722 254.053
0.710069 254.011
0.710417 253.969
0.710764 253.925
0.711111 253.882
0.711458 253.838
0.711806 253.794
0.712153 253.75
0.7125 253.705
0.712847 253.661
0.713194 253.617
0.713542 253.573
0.713889 253.529
0.714236 253.486
0.714583 253.443
0.714931 253.401
0.715278 253.359
0.715625 253.319
0.715972 253.279
0.716319 253.239
0.716667 253.201
0.717014 253.164
0.717361 253.128
0.717708 253.093
0.718056 253.06
0.718403 253.028
0.71875 252.997
0.719097 252.968
0.719444 252.94
0.719792 252.914
0.720139 252.89
0.720486 252.867
0.720833 252.846
0.721181 252.827
0.721528 252.81
0.721875 252.794
0.722222 252.781
0.722569 252.769
0.722917 252.759
0.723264 252.752
0.723611 252.746
0.723958 252.743
0.724306 252.741
0.724653 252.742
0.725 252.745
0.725347 252.749
0.725694 252.756
0.726042 252.765
0.726389 252.775
0.726736 252.788
0.727083 252.803
0.727431 252.82
0.727778 252.838
0.728125 252.859
0.728472 252.882
0.728819 252.906
0.729167 252.932
0.729514 252.96
0.729861 252.99
0.730208 253.021
0.730556 253.054
0.730903 253.089
0.73125 253.125
0.731597 253.163
0.731944 253.202
0.732292 253.242
0.732639 253.284
0.732986 253.327
0.733333 253.371
0.733681 253.417
0.734028 253.463
0.734375 253.511
0.734722 253.559
0.735069 253.609
0.735417 253.659
0.735764 253.71
0.736111 253.762
0.736458 253.814
0.736806 253.868
0.737153 253.921
0.7375 253.975
0.737847 254.03
0.738194 254.085
0.738542 254.14
0.738889 254.196
0.739236 254.252
0.739583 254.308
0.739931 254.364
0.740278 254.42
0.740625 254.477
0.740972 254.533
0.741319 254.589
0.741667 254.645
0.742014 254.702
0.742361 254.757
0.742708 254.813
0.743056 254.869
0.743403 254.924
0.74375 254.979
0.744097 255.033
0.744444 255.088
0.744792 255.142
0.745139 255.195
0.745486 255.248
0.745833 255.301
0.746181 255.353
0.746528 255.405
0.746875 255.456
0.747222 255.507
0.747569 255.557
0.747917 255.607
0.748264 255.656
0.748611 255.704
0.748958 255.752
0.749306 255.799
0.749653 255.846
0.75 255.892
0.750347 255.938
0.750694 255.982
0.751042 256.026
0.751389 256.07
0.751736 256.112
0.752083 256.154
0.752431 256.195
0.752778 256.235
0.753125 256.275
0.753472 256.314
0.753819 256.352
0.754167 256.389
0.754514 256.425
0.754861 256.461
0.755208 256.495
0.755556 256.529
0.755903 256.561
0.75625 256.593
0.756597 256.624
0.756944 256.653
0.757292 256.682
0.757639 256.71
0.757986 256.736
0.758333 256.762
0.758681 256.786
0.759028 256.809
0.759375 256.831
0.759722 256.852
0.760069 256.871
0.760417 256.889
0.760764 256.906
0.761111 256.922
0.761458 256.936
0.761806 256.949
0.762153 256.961
0.7625 256.971
0.762847 256.979
0.763194 256.987
0.763542 256.992
0.763889 256.997
0.764236 256.999
0.764583 257.001
0.764931 257
0.765278 256.998
0.765625 256.995
0.765972 256.99
0.766319 256.983
0.766667 256.975
0.767014 256.965
0.767361 256.954
0.767708 256.941
0.768056 256.926
0.768403 256.91
0.76875 256.893
0.769097 256.873
0.769444 256.853
0.769792 256.83
0.770139 256.807
0.770486 256.781
0.770833 256.755
0.771181 256.727
0.771528 256.698
0.771875 256.667
0.772222 256.635
0.772569 256.602
0.772917 256.568
0.773264 256.532
0.773611 256.496
0.773958 256.458
0.774306 256.42
0.774653 256.38
0.775 256.34
0.775347 256.299
0.775694 256.257
0.776042 256.215
0.776389 256.172
0.776736 256.129
0.777083 256.086
0.777431 256.042
0.777778 255.998
0.778125 255.954
0.778472 255.909
0.778819 255.865
0.779167 255.821
0.779514 255.777
0.779861 255.734
0.780208 255.691
0.780556 255.648
0.780903 255.606
0.78125 255.565
0.781597 255.524
0.781944 255.484
0.782292 255.445
0.782639 255.407
0.782986 255.37
0.783333 255.335
0.783681 255.3
0.784028 255.267
0.784375 255.235
0.784722 255.205
0.785069 255.176
0.785417 255.149
0.785764 255.123
0.786111 255.099
0.786458 255.077
0.786806 255.056
0.787153 255.037
0.7875 255.02
0.787847 255.005
0.788194 254.992
0.788542 254.981
0.788889 254.972
0.789236 254.965
0.789583 254.96
0.789931 254.957
0.790278 254.956
0.790625 254.957
0.790972 254.96
0.791319 254.965
0.791667 254.973
0.792014 254.982
0.792361 254.993
0.792708 255.007
0.793056 255.022
0.793403 255.039
0.79375 255.058
0.794097 255.08
0.794444 255.103
0.794792 255.127
0.795139 255.154
0.795486 255.183
0.795833 255.213
0.796181 255.245
0.796528 255.278
0.796875 255.313
0.797222 255.35
0.797569 255.388
0.797917 255.427
0.798264 255.468
0.798611 255.51
0.798958 255.553
0.799306 255.598
0.799653 255.644
0.8 255.691
0.800347 255.738
0.800694 255.787
0.801042 255.837
0.801389 255.887
0.801736 255.938
0.802083 255.99
0.802431 256.043
0.802778 256.096
0.803125 256.15
0.803472 256.204
0.803819 256.259
0.804167 256.314
0.804514 256.369
0.804861 256.425
0.805208 256.481
0.805556 256.536
0.805903 256.593
0.80625 256.649
0.806597 256.705
0.806944 256.761
0.807292 256.817
0.807639 256.873
0.807986 256.929
0.808333 256.985
0.808681 257.04
0.809028 257.096
0.809375 257.151
0.809722 257.206
0.810069 257.26
0.810417 257.314
0.810764 257.368
0.811111 257.421
0.811458 257.474
0.811806 257.526
0.812153 257.578
0.8125 257.629
0.812847 257.68
0.813194 257.731
0.813542 257.781
0.813889 257.83
0.814236 257.879
0.814583 257.927
0.814931 257.974
0.815278 258.021
0.815625 258.068
0.815972 258.113
0.816319 258.158
0.816667 258.203
0.817014 258.246
0.817361 258.289
0.817708 258.331
0.818056 258.373
0.818403 258.414
0.81875 258.453
0.819097 258.493
0.819444 258.531
0.819792 258.569
0.820139 258.605
0.820486 258.641
0.820833 258.676
0.821181 258.71
0.821528 258.744
0.821875 258.776
0.822222 258.807
0.822569 258.838
0.822917 258.867
0.823264 258.895
0.823611 258.923
0.823958 258.949
0.824306 258.974
0.824653 258.998
0.825 259.021
0.825347 259.042
0.825694 259.063
0.826042 259.082
0.826389 259.1
0.826736 259.117
0.827083 259.132
0.827431 259.146
0.827778 259.159
0.828125 259.17
0.828472 259.18
0.828819 259.188
0.829167 259.195
0.829514 259.201
0.829861 259.205
0.830208 259.208
0.830556 259.209
0.830903 259.208
0.83125 259.206
0.831597 259.202
0.831944 259.197
0.832292 259.19
0.832639 259.182
0.832986 259.172
0.833333 259.16
0.833681 259.147
0.834028 259.132
0.834375 259.116
0.834722 259.098
0.835069 259.079
0.835417 259.058
0.835764 259.035
0.836111 259.012
0.836458 258.986
0.836806 258.959
0.837153 258.931
0.8375 258.902
0.837847 258.871
0.838194 258.839
0.838542 258.806
0.838889 258.771
0.839236 258.736
0.839583 258.699
0.839931 258.662
0.840278 258.623
0.840625 258.584
0.840972 258.544
0.841319 258.503
0.841667 258.461
0.842014 258.419
0.842361 258.376
0.842708 258.333
0.843056 258.29
0.843403 258.246
0.84375 258.202
0.844097 258.158
0.844444 258.114
0.844792 258.07
0.845139 258.026
0.845486 257.982
0.845833 257.939
0.846181 257.896
0.846528 257.854
0.846875 257.812
0.847222 257.771
0.847569 257.731
0.847917 257.691
0.848264 257.652
0.848611 257.615
0.848958 257.578
0.849306 257.543
0.849653 257.509
0.85 257.476
0.850347 257.445
0.850694 257.415
0.851042 257.386
0.851389 257.359
0.851736 257.334
0.852083 257.31
0.852431 257.288
0.852778 257.268
0.853125 257.25
0.853472 257.233
0.853819 257.219
0.854167 257.206
0.854514 257.195
0.854861 257.187
0.855208 257.18
0.855556 257.175
0.855903 257.173
0.85625 257.172
0.856597 257.174
0.856944 257.178
0.857292 257.183
0.857639 257.191
0.857986 257.201
0.858333 257.213
0.858681 257.226
0.859028 257.242
0.859375 257.26
0.859722 257.28
0.860069 257.301
0.860417 257.325
0.860764 257.35
0.861111 257.377
0.861458 257.406
0.861806 257.437
0.862153 257.469
0.8625 257.503
0.862847 257.538
0.863194 257.575
0.863542 257.614
0.863889 257.654
0.864236 257.695
0.864583 257.737
0.864931 257.781
0.865278 257.826
0.865625 257.872
0.865972 257.919
0.866319 257.967
0.866667 258.016
0.867014 258.066
0.867361 258.116
0.867708 258.168
0.868056 258.22
0.868403 258.272
0.86875 258.326
0.869097 258.379
0.869444 258.434
0.869792 258.488
0.870139 258.543
0.870486 258.599
0.870833 258.654
0.871181 258.71
0.871528 258.766
0.871875 258.822
0.872222 258.878
0.872569 258.934
0.872917 258.99
0.873264 259.046
0.873611 259.101
0.873958 259.157
0.874306 259.213
0.874653 259.268
0.875 259.323
0.875347 259.378
0.875694 259.432
0.876042 259.486
0.876389 259.54
0.876736 259.593
0.877083 259.646
0.877431 259.699
0.877778 259.751
0.878125 259.802
0.878472 259.853
0.878819 259.904
0.879167 259.954
0.879514 260.003
0.879861 260.052
0.880208 260.101
0.880556 260.148
0.880903 260.196
0.88125 260.242
0.881597 260.288
0.881944 260.333
0.882292 260.378
0.882639 260.422
0.882986 260.465
0.883333 260.507
0.883681 260.549
0.884028 260.59
0.884375 260.631
0.884722 260.67
0.885069 260.709
0.885417 260.747
0.885764 260.784
0.886111 260.821
0.886458 260.856
0.886806 260.891
0.887153 260.924
0.8875 260.957
0.887847 260.989
0.888194 261.02
0.888542 261.05
0.888889 261.079
0.889236 261.107
0.889583 261.134
0.889931 261.16
0.890278 261.185
0.890625 261.209
0.890972 261.231
0.891319 261.253
0.891667 261.273
0.892014 261.292
0.892361 261.31
0.892708 261.326
0.893056 261.341
0.893403 261.355
0.89375 261.368
0.894097 261.379
0.894444 261.388
0.894792 261.397
0.895139 261.403
0.895486 261.409
0.895833 261.413
0.896181 261.415
0.896528 261.416
0.896875 261.415
0.897222 261.413
0.897569 261.409
0.897917 261.403
0.898264 261.396
0.898611 261.388
0.898958 261.377
0.899306 261.366
0.899653 261.352
0.9 261.337
0.900347 261.321
0.900694 261.303
0.901042 261.283
0.901389 261.262
0.901736 261.239
0.902083 261.215
0.902431 261.19
0.902778 261.163
0.903125 261.135
0.903472 261.105
0.903819 261.074
0.904167 261.042
0.904514 261.009
0.904861 260.974
0.905208 260.938
0.905556 260.902
0.905903 260.864
0.90625 260.825
0.906597 260.786
0.906944 260.746
0.907292 260.705
0.907639 260.663
0.907986 260.621
0.908333 260.578
0.908681 260.535
0.909028 260.492
0.909375 260.448
0.909722 260.405
0.910069 260.361
0.910417 260.317
0.910764 260.273
0.911111 260.229
0.911458 260.186
0.911806 260.143
0.912153 260.1
0.9125 260.058
0.912847 260.016
0.913194 259.976
0.913542 259.936
0.913889 259.896
0.914236 259.858
0.914583 259.821
0.914931 259.784
0.915278 259.749
0.915625 259.716
0.915972 259.683
0.916319 259.652
0.916667 259.622
0.917014 259.594
0.917361 259.568
0.917708 259.543
0.918056 259.519
0.918403 259.498
0.91875 259.478
0.919097 259.46
0.919444 259.444
0.919792 259.43
0.920139 259.418
0.920486 259.408
0.920833 259.399
0.921181 259.393
0.921528 259.389
0.921875 259.387
0.922222 259.387
0.922569 259.389
0.922917 259.393
0.923264 259.399
0.923611 259.407
0.923958 259.417
0.924306 259.43
0.924653 259.444
0.925 259.46
0.925347 259.478
0.925694 259.499
0.926042 259.521
0.926389 259.545
0.926736 259.57
0.927083 259.598
0.927431 259.627
0.927778 259.659
0.928125 259.691
0.928472 259.726
0.928819 259.761
0.929167 259.799
0.929514 259.838
0.929861 259.878
0.930208 259.92
0.930556 259.962
0.930903 260.007
0.93125 260.052
0.931597 260.098
0.931944 260.145
0.932292 260.194
0.932639 260.243
0.932986 260.293
0.933333 260.344
0.93368 260.396
0.934028 260.448
0.934375 260.501
0.934722 260.554
0.935069 260.608
0.935417 260.662
0.935764 260.717
0.936111 260.772
0.936458 260.828
0.936805 260.883
0.937153 260.939
0.9375 260.995
0.937847 261.051
0.938194 261.107
0.938542 261.162
0.938889 261.218
0.939236 261.274
0.939583 261.33
0.93993 261.385
0.940278 261.441
0.940625 261.496
0.940972 261.551
0.941319 261.605
0.941667 261.659
0.942014 261.713
0.942361 261.767
0.942708 261.82
0.943055 261.872
0.943403 261.924
0.94375 261.976
0.944097 262.027
0.944444 262.078
0.944792 262.128
0.945139 262.178
0.945486 262.227
0.945833 262.276
0.94618 262.324
0.946528 262.371
0.946875 262.418
0.947222 262.464
0.947569 262.51
0.947917 262.555
0.948264 262.599
0.948611 262.642
0.948958 262.685
0.949305 262.728
0.949653 262.769
0.95 262.81
0.950347 262.85
0.950694 262.889
0.951042 262.928
0.951389 262.965
0.951736 263.002
0.952083 263.038
0.95243 263.073
0.952778 263.108
0.953125 263.141
0.953472 263.174
0.953819 263.206
0.954167 263.236
0.954514 263.266
0.954861 263.295
0.955208 263.323
0.955555 263.349
0.955903 263.375
0.95625 263.4
0.956597 263.423
0.956944 263.445
0.957292 263.467
0.957639 263.487
0.957986 263.505
0.958333 263.523
0.95868 263.539
0.959028 263.554
0.959375 263.567
0.959722 263.58
0.960069 263.59
0.960417 263.6
0.960764 263.608
0.961111 263.614
0.961458 263.619
0.961805 263.623
0.962153 263.625
0.9625 263.626
0.962847 263.624
0.963194 263.622
0.963542 263.618
0.963889 263.612
0.964236 263.605
0.964583 263.596
0.96493 263.585
0.965278 263.573
0.965625 263.56
0.965972 263.544
0.966319 263.528
0.966667 263.509
0.967014 263.49
0.967361 263.468
0.967708 263.445
0.968055 263.421
0.968403 263.395
0.96875 263.368
0.969097 263.34
0.969444 263.31
0.969792 263.279
0.970139 263.246
0.970486 263.213
0.970833 263.178
0.97118 263.142
0.971528 263.105
0.971875 263.067
0.972222 263.029
0.972569 262.989
0.972917 262.949
0.973264 262.908
0.973611 262.866
0.973958 262.824
0.974305 262.781
0.974653 262.738
0.975 262.695
0.975347 262.651
0.975694 262.607
0.976042 262.563
0.976389 262.519
0.976736 262.476
0.977083 262.432
0.97743 262.389
0.977778 262.346
0.978125 262.303
0.978472 262.261
0.978819 262.22
0.979167 262.179
0.979514 262.139
0.979861 262.1
0.980208 262.062
0.980555 262.025
0.980903 261.989
0.98125 261.954
0.981597 261.921
0.981944 261.888
0.982292 261.857
0.982639 261.828
0.982986 261.8
0.983333 261.774
0.98368 261.749
0.984028 261.726
0.984375 261.705
0.984722 261.686
0.985069 261.668
0.985417 261.653
0.985764 261.639
0.986111 261.627
0.986458 261.617
0.986805 261.61
0.987153 261.604
0.9875 261.6
0.987847 261.598
0.988194 261.599
0.988542 261.601
0.988889 261.606
0.989236 261.612
0.989583 261.621
0.98993 261.631
0.990278 261.644
0.990625 261.659
0.990972 261.676
0.991319 261.694
0.991667 261.715
0.992014 261.738
0.992361 261.762
0.992708 261.788
0.993055 261.816
0.993403 261.846
0.99375 261.878
0.994097 261.911
0.994444 261.946
0.994792 261.982
0.995139 262.02
0.995486 262.059
0.995833 262.1
0.99618 262.142
0.996528 262.185
0.996875 262.229
0.997222 262.275
0.997569 262.322
0.997917 262.37
0.998264 262.418
0.998611 262.468
0.998958 262.518
0.999305 262.569
0.999653 262.621
=======
0 228.367
0.000347222 228.368
0.000694444 228.37
0.00104167 228.371
0.00138889 228.373
0.00173611 228.376
0.00208333 228.379
0.00243056 228.382
0.00277778 228.385
0.003125 228.389
0.00347222 228.393
0.00381944 228.398
0.00416667 228.402
0.00451389 228.408
0.00486111 228.413
0.00520833 228.419
0.00555556 228.425
0.00590278 228.431
0.00625 228.438
0.00659722 228.445
0.00694444 228.452
0.00729167 228.459
0.00763889 228.467
0.00798611 228.475
0.00833333 228.483
0.00868056 228.491
0.00902778 228.5
0.009375 228.509
0.00972222 228.518
0.0100694 228.527
0.0104167 228.536
0.0107639 228.546
0.0111111 228.555
0.0114583 228.565
0.0118056 228.575
0.0121528 228.585
0.0125 228.595
0.0128472 228.605
0.0131944 228.615
0.0135417 228.625
0.0138889 228.636
0.0142361 228.646
0.0145833 228.657
0.0149306 228.667
0.0152778 228.677
0.015625 228.688
0.0159722 228.698
0.0163194 228.709
0.0166667 228.719
0.0170139 228.729
0.0173611 228.739
0.0177083 228.75
0.0180556 228.76
0.0184028 228.77
0.01875 228.779
0.0190972 228.789
0.0194444 228.799
0.0197917 228.808
0.0201389 228.818
0.0204861 228.827
0.0208333 228.836
0.0211806 228.845
0.0215278 228.854
0.021875 228.862
0.0222222 228.871
0.0225694 228.879
0.0229167 228.887
0.0232639 228.895
0.0236111 228.902
0.0239583 228.91
0.0243056 228.917
0.0246528 228.924
0.025 228.93
0.0253472 228.937
0.0256944 228.943
0.0260417 228.949
0.0263889 228.955
0.0267361 228.96
0.0270833 228.965
0.0274306 228.97
0.0277778 228.974
0.028125 228.979
0.0284722 228.983
0.0288194 228.986
0.0291667 228.99
0.0295139 228.993
0.0298611 228.995
0.0302083 228.998
0.0305556 229
0.0309028 229.002
0.03125 229.003
0.0315972 229.004
0.0319444 229.005
0.0322917 229.006
0.0326389 229.006
0.0329861 229.006
0.0333333 229.005
0.0336806 229.004
0.0340278 229.003
0.034375 229.002
0.0347222 229
0.0350694 228.998
0.0354167 228.995
0.0357639 228.993
0.0361111 228.99
0.0364583 228.986
0.0368056 228.983
0.0371528 228.979
0.0375 228.974
0.0378472 228.97
0.0381944 228.965
0.0385417 228.96
0.0388889 228.954
0.0392361 228.949
0.0395833 228.943
0.0399306 228.936
0.0402778 228.93
0.040625 228.923
0.0409722 228.916
0.0413194 228.909
0.0416667 228.901
0.0420139 228.893
0.0423611 228.886
0.0427083 228.877
0.0430556 228.869
0.0434028 228.861
0.04375 228.852
0.0440972 228.843
0.0444444 228.834
0.0447917 228.825
0.0451389 228.816
0.0454861 228.806
0.0458333 228.797
0.0461806 228.787
0.0465278 228.777
0.046875 228.767
0.0472222 228.757
0.0475694 228.747
0.0479167 228.737
0.0482639 228.727
0.0486111 228.717
0.0489583 228.707
0.0493056 228.697
0.0496528 228.687
0.05 228.677
0.0503472 228.667
0.0506944 228.657
0.0510417 228.647
0.0513889 228.637
0.0517361 228.627
0.0520833 228.617
0.0524306 228.608
0.0527778 228.598
0.053125 228.589
0.0534722 228.58
0.0538194 228.57
0.0541667 228.562
0.0545139 228.553
0.0548611 228.544
0.0552083 228.536
0.0555556 228.528
0.0559028 228.52
0.05625 228.512
0.0565972 228.505
0.0569444 228.497
0.0572917 228.49
0.0576389 228.484
0.0579861 228.477
0.0583333 228.471
0.0586806 228.465
0.0590278 228.459
0.059375 228.454
0.0597222 228.449
0.0600694 228.445
0.0604167 228.44
0.0607639 228.436
0.0611111 228.432
0.0614583 228.429
0.0618056 228.426
0.0621528 228.423
0.0625 228.421
0.0628472 228.419
0.0631944 228.417
0.0635417 228.416
0.0638889 228.415
0.0642361 228.415
0.0645833 228.414
0.0649306 228.414
0.0652778 228.415
0.065625 228.416
0.0659722 228.417
0.0663194 228.418
0.0666667 228.42
0.0670139 228.422
0.0673611 228.425
0.0677083 228.428
0.0680556 228.431
0.0684028 228.435
0.06875 228.439
0.0690972 228.443
0.0694444 228.448
0.0697917 228.452
0.0701389 228.458
0.0704861 228.463
0.0708333 228.469
0.0711806 228.475
0.0715278 228.482
0.071875 228.488
0.0722222 228.495
0.0725694 228.502
0.0729167 228.51
0.0732639 228.518
0.0736111 228.526
0.0739583 228.534
0.0743056 228.542
0.0746528 228.551
0.075 228.56
0.0753472 228.569
0.0756944 228.578
0.0760417 228.587
0.0763889 228.597
0.0767361 228.607
0.0770833 228.617
0.0774306 228.627
0.0777778 228.637
0.078125 228.647
0.0784722 228.657
0.0788194 228.667
0.0791667 228.678
0.0795139 228.688
0.0798611 228.699
0.0802083 228.709
0.0805556 228.72
0.0809028 228.731
0.08125 228.741
0.0815972 228.752
0.0819444 228.762
0.0822917 228.773
0.0826389 228.783
0.0829861 228.794
0.0833333 228.804
0.0836806 228.814
0.0840278 228.824
0.084375 228.834
0.0847222 228.844
0.0850694 228.854
0.0854167 228.864
0.0857639 228.873
0.0861111 228.882
0.0864583 228.891
0.0868056 228.9
0.0871528 228.909
0.0875 228.918
0.0878472 228.926
0.0881944 228.934
0.0885417 228.942
0.0888889 228.95
0.0892361 228.958
0.0895833 228.965
0.0899306 228.972
0.0902778 228.979
0.090625 228.985
0.0909722 228.992
0.0913194 228.998
0.0916667 229.004
0.0920139 229.009
0.0923611 229.014
0.0927083 229.019
0.0930556 229.024
0.0934028 229.028
0.09375 229.032
0.0940972 229.036
0.0944444 229.039
0.0947917 229.043
0.0951389 229.045
0.0954861 229.048
0.0958333 229.05
0.0961805 229.052
0.0965278 229.054
0.096875 229.055
0.0972222 229.056
0.0975694 229.057
0.0979167 229.057
0.0982639 229.057
0.0986111 229.056
0.0989583 229.056
0.0993055 229.055
0.0996528 229.053
0.1 229.052
0.100347 229.05
0.100694 229.048
0.101042 229.045
0.101389 229.042
0.101736 229.039
0.102083 229.035
0.102431 229.032
0.102778 229.027
0.103125 229.023
0.103472 229.018
0.103819 229.013
0.104167 229.008
0.104514 229.002
0.104861 228.996
0.105208 228.99
0.105556 228.984
0.105903 228.977
0.10625 228.97
0.106597 228.963
0.106944 228.956
0.107292 228.948
0.107639 228.94
0.107986 228.932
0.108333 228.924
0.108681 228.915
0.109028 228.907
0.109375 228.898
0.109722 228.889
0.110069 228.88
0.110417 228.87
0.110764 228.861
0.111111 228.851
0.111458 228.842
0.111806 228.832
0.112153 228.822
0.1125 228.812
0.112847 228.802
0.113194 228.792
0.113542 228.782
0.113889 228.772
0.114236 228.762
0.114583 228.751
0.114931 228.741
0.115278 228.731
0.115625 228.721
0.115972 228.711
0.116319 228.701
0.116667 228.691
0.117014 228.681
0.117361 228.671
0.117708 228.661
0.118056 228.652
0.118403 228.642
0.11875 228.633
0.119097 228.623
0.119444 228.614
0.119792 228.605
0.120139 228.597
0.120486 228.588
0.120833 228.58
0.121181 228.572
0.121528 228.564
0.121875 228.556
0.122222 228.548
0.122569 228.541
0.122917 228.534
0.123264 228.528
0.123611 228.521
0.123958 228.515
0.124306 228.509
0.124653 228.504
0.125 228.498
0.125347 228.493
0.125694 228.489
0.126042 228.485
0.126389 228.481
0.126736 228.477
0.127083 228.474
0.127431 228.471
0.127778 228.468
0.128125 228.466
0.128472 228.464
0.128819 228.463
0.129167 228.462
0.129514 228.461
0.129861 228.46
0.130208 228.46
0.130556 228.46
0.130903 228.461
0.13125 228.462
0.131597 228.463
0.131944 228.465
0.132292 228.467
0.132639 228.47
0.132986 228.472
0.133333 228.476
0.133681 228.479
0.134028 228.483
0.134375 228.487
0.134722 228.491
0.135069 228.496
0.135417 228.501
0.135764 228.506
0.136111 228.512
0.136458 228.518
0.136806 228.524
0.137153 228.531
0.1375 228.538
0.137847 228.545
0.138194 228.552
0.138542 228.56
0.138889 228.568
0.139236 228.576
0.139583 228.584
0.139931 228.592
0.140278 228.601
0.140625 228.61
0.140972 228.619
0.141319 228.628
0.141667 228.638
0.142014 228.647
0.142361 228.657
0.142708 228.667
0.143056 228.677
0.143403 228.687
0.14375 228.698
0.144097 228.708
0.144444 228.718
0.144792 228.729
0.145139 228.739
0.145486 228.75
0.145833 228.761
0.146181 228.771
0.146528 228.782
0.146875 228.793
0.147222 228.803
0.147569 228.814
0.147917 228.825
0.148264 228.835
0.148611 228.846
0.148958 228.856
0.149306 228.866
0.149653 228.877
0.15 228.887
0.150347 228.897
0.150694 228.907
0.151042 228.917
0.151389 228.926
0.151736 228.936
0.152083 228.945
0.152431 228.954
0.152778 228.963
0.153125 228.972
0.153472 228.981
0.153819 228.989
0.154167 228.997
0.154514 229.005
0.154861 229.013
0.155208 229.02
0.155556 229.027
0.155903 229.034
0.15625 229.041
0.156597 229.047
0.156944 229.053
0.157292 229.059
0.157639 229.064
0.157986 229.07
0.158333 229.075
0.158681 229.079
0.159028 229.084
0.159375 229.088
0.159722 229.091
0.160069 229.095
0.160417 229.098
0.160764 229.1
0.161111 229.103
0.161458 229.105
0.161806 229.107
0.162153 229.108
0.1625 229.109
0.162847 229.11
0.163194 229.11
0.163542 229.111
0.163889 229.11
0.164236 229.11
0.164583 229.109
0.164931 229.108
0.165278 229.106
0.165625 229.104
0.165972 229.102
0.166319 229.1
0.166667 229.097
0.167014 229.094
0.167361 229.09
0.167708 229.087
0.168056 229.083
0.168403 229.078
0.16875 229.074
0.169097 229.069
0.169444 229.064
0.169792 229.058
0.170139 229.052
0.170486 229.046
0.170833 229.04
0.171181 229.033
0.171528 229.026
0.171875 229.019
0.172222 229.012
0.172569 229.004
0.172917 228.997
0.173264 228.989
0.173611 228.98
0.173958 228.972
0.174306 228.963
0.174653 228.955
0.175 228.946
0.175347 228.937
0.175694 228.927
0.176042 228.918
0.176389 228.908
0.176736 228.898
0.177083 228.889
0.177431 228.879
0.177778 228.869
0.178125 228.859
0.178472 228.849
0.178819 228.838
0.179167 228.828
0.179514 228.818
0.179861 228.808
0.180208 228.797
0.180556 228.787
0.180903 228.777
0.18125 228.766
0.181597 228.756
0.181944 228.746
0.182292 228.736
0.182639 228.726
0.182986 228.716
0.183333 228.706
0.183681 228.696
0.184028 228.687
0.184375 228.677
0.184722 228.668
0.185069 228.659
0.185417 228.65
0.185764 228.641
0.186111 228.633
0.186458 228.624
0.186806 228.616
0.187153 228.608
0.1875 228.6
0.187847 228.593
0.188194 228.586
0.188542 228.579
0.188889 228.572
0.189236 228.565
0.189583 228.559
0.189931 228.553
0.190278 228.548
0.190625 228.543
0.190972 228.538
0.191319 228.533
0.191667 228.529
0.192014 228.525
0.192361 228.521
0.192708 228.518
0.193056 228.515
0.193403 228.513
0.19375 228.511
0.194097 228.509
0.194444 228.507
0.194792 228.506
0.195139 228.505
0.195486 228.505
0.195833 228.505
0.196181 228.505
0.196528 228.506
0.196875 228.507
0.197222 228.509
0.197569 228.511
0.197917 228.513
0.198264 228.515
0.198611 228.518
0.198958 228.521
0.199306 228.525
0.199653 228.529
0.2 228.533
0.200347 228.538
0.200694 228.543
0.201042 228.548
0.201389 228.553
0.201736 228.559
0.202083 228.565
0.202431 228.572
0.202778 228.578
0.203125 228.585
0.203472 228.593
0.203819 228.6
0.204167 228.608
0.204514 228.616
0.204861 228.624
0.205208 228.633
0.205556 228.641
0.205903 228.65
0.20625 228.659
0.206597 228.668
0.206944 228.678
0.207292 228.687
0.207639 228.697
0.207986 228.707
0.208333 228.717
0.208681 228.727
0.209028 228.737
0.209375 228.748
0.209722 228.758
0.210069 228.768
0.210417 228.779
0.210764 228.79
0.211111 228.8
0.211458 228.811
0.211806 228.822
0.212153 228.832
0.2125 228.843
0.212847 228.854
0.213194 228.864
0.213542 228.875
0.213889 228.886
0.214236 228.896
0.214583 228.907
0.214931 228.917
0.215278 228.927
0.215625 228.938
0.215972 228.948
0.216319 228.958
0.216667 228.968
0.217014 228.977
0.217361 228.987
0.217708 228.997
0.218056 229.006
0.218403 229.015
0.21875 229.024
0.219097 229.033
0.219444 229.041
0.219792 229.049
0.220139 229.057
0.220486 229.065
0.220833 229.073
0.221181 229.08
0.221528 229.087
0.221875 229.094
0.222222 229.101
0.222569 229.107
0.222917 229.113
0.223264 229.118
0.223611 229.124
0.223958 229.129
0.224306 229.134
0.224653 229.138
0.225 229.142
0.225347 229.146
0.225694 229.149
0.226042 229.153
0.226389 229.155
0.226736 229.158
0.227083 229.16
0.227431 229.162
0.227778 229.163
0.228125 229.164
0.228472 229.165
0.228819 229.165
0.229167 229.166
0.229514 229.165
0.229861 229.165
0.230208 229.164
0.230556 229.162
0.230903 229.161
0.23125 229.159
0.231597 229.157
0.231944 229.154
0.232292 229.151
0.232639 229.148
0.232986 229.144
0.233333 229.14
0.233681 229.136
0.234028 229.132
0.234375 229.127
0.234722 229.122
0.235069 229.116
0.235417 229.11
0.235764 229.105
0.236111 229.098
0.236458 229.092
0.236806 229.085
0.237153 229.078
0.2375 229.071
0.237847 229.063
0.238194 229.055
0.238542 229.047
0.238889 229.039
0.239236 229.031
0.239583 229.022
0.239931 229.013
0.240278 229.004
0.240625 228.995
0.240972 228.986
0.241319 228.977
0.241667 228.967
0.242014 228.957
0.242361 228.947
0.242708 228.937
0.243056 228.927
0.243403 228.917
0.24375 228.907
0.244097 228.897
0.244444 228.886
0.244792 228.876
0.245139 228.865
0.245486 228.855
0.245833 228.845
0.246181 228.834
0.246528 228.824
0.246875 228.813
0.247222 228.803
0.247569 228.793
0.247917 228.783
0.248264 228.772
0.248611 228.762
0.248958 228.752
0.249306 228.743
0.249653 228.733
0.25 228.723
0.250347 228.714
0.250694 228.705
0.251042 228.696
0.251389 228.687
0.251736 228.678
0.252083 228.67
0.252431 228.661
0.252778 228.653
0.253125 228.646
0.253472 228.638
0.253819 228.631
0.254167 228.624
0.254514 228.617
0.254861 228.611
0.255208 228.604
0.255556 228.599
0.255903 228.593
0.25625 228.588
0.256597 228.583
0.256944 228.578
0.257292 228.574
0.257639 228.57
0.257986 228.566
0.258333 228.563
0.258681 228.56
0.259028 228.558
0.259375 228.555
0.259722 228.554
0.260069 228.552
0.260417 228.551
0.260764 228.55
0.261111 228.55
0.261458 228.55
0.261806 228.55
0.262153 228.551
0.2625 228.552
0.262847 228.554
0.263194 228.555
0.263542 228.558
0.263889 228.56
0.264236 228.563
0.264583 228.566
0.264931 228.57
0.265278 228.574
0.265625 228.578
0.265972 228.583
0.266319 228.588
0.266667 228.593
0.267014 228.599
0.267361 228.605
0.267708 228.611
0.268056 228.618
0.268403 228.624
0.26875 228.632
0.269097 228.639
0.269444 228.647
0.269792 228.654
0.270139 228.663
0.270486 228.671
0.270833 228.68
0.271181 228.688
0.271528 228.697
0.271875 228.707
0.272222 228.716
0.272569 228.725
0.272917 228.735
0.273264 228.745
0.273611 228.755
0.273958 228.765
0.274306 228.775
0.274653 228.786
0.275 228.796
0.275347 228.807
0.275694 228.817
0.276042 228.828
0.276389 228.839
0.276736 228.849
0.277083 228.86
0.277431 228.871
0.277778 228.882
0.278125 228.893
0.278472 228.903
0.278819 228.914
0.279167 228.925
0.279514 228.935
0.279861 228.946
0.280208 228.957
0.280556 228.967
0.280903 228.977
0.28125 228.988
0.281597 228.998
0.281944 229.008
0.282292 229.018
0.282639 229.027
0.282986 229.037
0.283333 229.047
0.283681 229.056
0.284028 229.065
0.284375 229.074
0.284722 229.083
0.285069 229.091
0.285417 229.1
0.285764 229.108
0.286111 229.116
0.286458 229.123
0.286806 229.131
0.287153 229.138
0.2875 229.145
0.287847 229.151
0.288194 229.158
0.288542 229.164
0.288889 229.17
0.289236 229.175
0.289583 229.18
0.289931 229.185
0.290278 229.19
0.290625 229.194
0.290972 229.198
0.291319 229.202
0.291667 229.205
0.292014 229.208
0.292361 229.211
0.292708 229.213
0.293056 229.215
0.293403 229.217
0.29375 229.218
0.294097 229.219
0.294444 229.219
0.294792 229.22
0.295139 229.219
0.295486 229.219
0.295833 229.218
0.296181 229.217
0.296528 229.215
0.296875 229.213
0.297222 229.211
0.297569 229.208
0.297917 229.206
0.298264 229.202
0.298611 229.199
0.298958 229.195
0.299306 229.19
0.299653 229.186
0.3 229.181
0.300347 229.176
0.300694 229.17
0.301042 229.164
0.301389 229.158
0.301736 229.152
0.302083 229.145
0.302431 229.138
0.302778 229.131
0.303125 229.124
0.303472 229.116
0.303819 229.108
0.304167 229.1
0.304514 229.092
0.304861 229.083
0.305208 229.074
0.305556 229.065
0.305903 229.056
0.30625 229.047
0.306597 229.037
0.306944 229.028
0.307292 229.018
0.307639 229.008
0.307986 228.998
0.308333 228.988
0.308681 228.978
0.309028 228.967
0.309375 228.957
0.309722 228.946
0.310069 228.936
0.310417 228.925
0.310764 228.915
0.311111 228.904
0.311458 228.894
0.311806 228.883
0.312153 228.873
0.3125 228.862
0.312847 228.852
0.313194 228.841
0.313542 228.831
0.313889 228.821
0.314236 228.81
0.314583 228.8
0.314931 228.79
0.315278 228.781
0.315625 228.771
0.315972 228.761
0.316319 228.752
0.316667 228.743
0.317014 228.734
0.317361 228.725
0.317708 228.717
0.318056 228.708
0.318403 228.7
0.31875 228.692
0.319097 228.685
0.319444 228.677
0.319792 228.67
0.320139 228.663
0.320486 228.657
0.320833 228.651
0.321181 228.645
0.321528 228.639
0.321875 228.634
0.322222 228.629
0.322569 228.624
0.322917 228.62
0.323264 228.616
0.323611 228.612
0.323958 228.609
0.324306 228.606
0.324653 228.603
0.325 228.601
0.325347 228.599
0.325694 228.598
0.326042 228.597
0.326389 228.596
0.326736 228.596
0.327083 228.596
0.327431 228.596
0.327778 228.597
0.328125 228.598
0.328472 228.599
0.328819 228.601
0.329167 228.603
0.329514 228.606
0.329861 228.609
0.330208 228.612
0.330556 228.616
0.330903 228.62
0.33125 228.624
0.331597 228.629
0.331944 228.634
0.332292 228.639
0.332639 228.644
0.332986 228.65
0.333333 228.657
0.333681 228.663
0.334028 228.67
0.334375 228.677
0.334722 228.685
0.335069 228.692
0.335417 228.7
0.335764 228.708
0.336111 228.717
0.336458 228.725
0.336806 228.734
0.337153 228.743
0.3375 228.753
0.337847 228.762
0.338194 228.772
0.338542 228.781
0.338889 228.791
0.339236 228.802
0.339583 228.812
0.339931 228.822
0.340278 228.833
0.340625 228.843
0.340972 228.854
0.341319 228.864
0.341667 228.875
0.342014 228.886
0.342361 228.897
0.342708 228.908
0.343056 228.919
0.343403 228.93
0.34375 228.941
0.344097 228.951
0.344444 228.962
0.344792 228.973
0.345139 228.984
0.345486 228.995
0.345833 229.005
0.346181 229.016
0.346528 229.026
0.346875 229.037
0.347222 229.047
0.347569 229.057
0.347917 229.067
0.348264 229.077
0.348611 229.086
0.348958 229.096
0.349306 229.105
0.349653 229.114
0.35 229.123
0.350347 229.132
0.350694 229.141
0.351042 229.149
0.351389 229.157
0.351736 229.165
0.352083 229.173
0.352431 229.18
0.352778 229.187
0.353125 229.194
0.353472 229.201
0.353819 229.207
0.354167 229.213
0.354514 229.219
0.354861 229.225
0.355208 229.23
0.355556 229.235
0.355903 229.24
0.35625 229.244
0.356597 229.248
0.356944 229.252
0.357292 229.255
0.357639 229.258
0.357986 229.261
0.358333 229.263
0.358681 229.266
0.359028 229.267
0.359375 229.269
0.359722 229.27
0.360069 229.27
0.360417 229.271
0.360764 229.271
0.361111 229.27
0.361458 229.27
0.361806 229.269
0.362153 229.267
0.3625 229.266
0.362847 229.263
0.363194 229.261
0.363542 229.258
0.363889 229.255
0.364236 229.252
0.364583 229.248
0.364931 229.244
0.365278 229.239
0.365625 229.234
0.365972 229.229
0.366319 229.224
0.366667 229.218
0.367014 229.212
0.367361 229.206
0.367708 229.199
0.368056 229.192
0.368403 229.185
0.36875 229.177
0.369097 229.17
0.369444 229.162
0.369792 229.153
0.370139 229.145
0.370486 229.136
0.370833 229.128
0.371181 229.118
0.371528 229.109
0.371875 229.1
0.372222 229.09
0.372569 229.08
0.372917 229.07
0.373264 229.06
0.373611 229.05
0.373958 229.04
0.374306 229.03
0.374653 229.019
0.375 229.009
0.375347 228.998
0.375694 228.987
0.376042 228.977
0.376389 228.966
0.376736 228.955
0.377083 228.944
0.377431 228.934
0.377778 228.923
0.378125 228.912
0.378472 228.902
0.378819 228.891
0.379167 228.881
0.379514 228.87
0.379861 228.86
0.380208 228.85
0.380556 228.84
0.380903 228.83
0.38125 228.82
0.381597 228.811
0.381944 228.801
0.382292 228.792
0.382639 228.783
0.382986 228.774
0.383333 228.765
0.383681 228.757
0.384028 228.749
0.384375 228.741
0.384722 228.733
0.385069 228.725
0.385417 228.718
0.385764 228.711
0.386111 228.705
0.386458 228.698
0.386806 228.692
0.387153 228.687
0.3875 228.681
0.387847 228.676
0.388194 228.672
0.388542 228.667
0.388889 228.663
0.389236 228.659
0.389583 228.656
0.389931 228.653
0.390278 228.651
0.390625 228.648
0.390972 228.646
0.391319 228.645
0.391667 228.644
0.392014 228.643
0.392361 228.642
0.392708 228.642
0.393056 228.643
0.393403 228.643
0.39375 228.644
0.394097 228.646
0.394444 228.648
0.394792 228.65
0.395139 228.652
0.395486 228.655
0.395833 228.658
0.396181 228.662
0.396528 228.666
0.396875 228.67
0.397222 228.675
0.397569 228.68
0.397917 228.685
0.398264 228.691
0.398611 228.697
0.398958 228.703
0.399306 228.709
0.399653 228.716
0.4 228.723
0.400347 228.731
0.400694 228.738
0.401042 228.746
0.401389 228.754
0.401736 228.763
0.402083 228.771
0.402431 228.78
0.402778 228.789
0.403125 228.798
0.403472 228.808
0.403819 228.818
0.404167 228.827
0.404514 228.837
0.404861 228.847
0.405208 228.858
0.405556 228.868
0.405903 228.879
0.40625 228.889
0.406597 228.9
0.406944 228.911
0.407292 228.921
0.407639 228.932
0.407986 228.943
0.408333 228.954
0.408681 228.965
0.409028 228.976
0.409375 228.987
0.409722 228.998
0.410069 229.009
0.410417 229.02
0.410764 229.031
0.411111 229.042
0.411458 229.052
0.411806 229.063
0.412153 229.073
0.4125 229.084
0.412847 229.094
0.413194 229.104
0.413542 229.114
0.413889 229.124
0.414236 229.134
0.414583 229.144
0.414931 229.153
0.415278 229.162
0.415625 229.171
0.415972 229.18
0.416319 229.189
0.416667 229.197
0.417014 229.205
0.417361 229.213
0.417708 229.221
0.418056 229.229
0.418403 229.236
0.41875 229.243
0.419097 229.249
0.419444 229.256
0.419792 229.262
0.420139 229.268
0.420486 229.273
0.420833 229.279
0.421181 229.284
0.421528 229.288
0.421875 229.293
0.422222 229.297
0.422569 229.3
0.422917 229.304
0.423264 229.307
0.423611 229.31
0.423958 229.312
0.424306 229.314
0.424653 229.316
0.425 229.317
0.425347 229.319
0.425694 229.319
0.426042 229.32
0.426389 229.32
0.426736 229.32
0.427083 229.319
0.427431 229.318
0.427778 229.317
0.428125 229.315
0.428472 229.313
0.428819 229.311
0.429167 229.308
0.429514 229.305
0.429861 229.302
0.430208 229.298
0.430556 229.294
0.430903 229.29
0.43125 229.285
0.431597 229.28
0.431944 229.275
0.432292 229.269
0.432639 229.263
0.432986 229.257
0.433333 229.251
0.433681 229.244
0.434028 229.237
0.434375 229.229
0.434722 229.222
0.435069 229.214
0.435417 229.206
0.435764 229.198
0.436111 229.189
0.436458 229.18
0.436806 229.171
0.437153 229.162
0.4375 229.153
0.437847 229.143
0.438194 229.133
0.438542 229.123
0.438889 229.113
0.439236 229.103
0.439583 229.093
0.439931 229.082
0.440278 229.072
0.440625 229.061
0.440972 229.051
0.441319 229.04
0.441667 229.029
0.442014 229.018
0.442361 229.007
0.442708 228.997
0.443056 228.986
0.443403 228.975
0.44375 228.964
0.444097 228.953
0.444444 228.943
0.444792 228.932
0.445139 228.922
0.445486 228.911
0.445833 228.901
0.446181 228.891
0.446528 228.881
0.446875 228.871
0.447222 228.861
0.447569 228.852
0.447917 228.842
0.448264 228.833
0.448611 228.824
0.448958 228.815
0.449306 228.807
0.449653 228.798
0.45 228.79
0.450347 228.782
0.450694 228.775
0.451042 228.768
0.451389 228.761
0.451736 228.754
0.452083 228.748
0.452431 228.742
0.452778 228.736
0.453125 228.73
0.453472 228.725
0.453819 228.72
0.454167 228.716
0.454514 228.712
0.454861 228.708
0.455208 228.705
0.455556 228.702
0.455903 228.699
0.45625 228.697
0.456597 228.695
0.456944 228.693
0.457292 228.692
0.457639 228.691
0.457986 228.691
0.458333 228.69
0.458681 228.691
0.459028 228.691
0.459375 228.692
0.459722 228.694
0.460069 228.696
0.460417 228.698
0.460764 228.7
0.461111 228.703
0.461458 228.706
0.461806 228.71
0.462153 228.714
0.4625 228.718
0.462847 228.722
0.463194 228.727
0.463542 228.733
0.463889 228.738
0.464236 228.744
0.464583 228.75
0.464931 228.757
0.465278 228.763
0.465625 228.77
0.465972 228.778
0.466319 228.785
0.466667 228.793
0.467014 228.801
0.467361 228.81
0.467708 228.818
0.468056 228.827
0.468403 228.836
0.46875 228.845
0.469097 228.855
0.469444 228.864
0.469792 228.874
0.470139 228.884
0.470486 228.894
0.470833 228.904
0.471181 228.914
0.471528 228.925
0.471875 228.935
0.472222 228.946
0.472569 228.957
0.472917 228.968
0.473264 228.978
0.473611 228.989
0.473958 229
0.474306 229.011
0.474653 229.022
0.475 229.033
0.475347 229.044
0.475694 229.055
0.476042 229.066
0.476389 229.077
0.476736 229.088
0.477083 229.098
0.477431 229.109
0.477778 229.12
0.478125 229.13
0.478472 229.141
0.478819 229.151
0.479167 229.161
0.479514 229.171
0.479861 229.181
0.480208 229.19
0.480556 229.2
0.480903 229.209
0.48125 229.218
0.481597 229.227
0.481944 229.236
0.482292 229.244
0.482639 229.253
0.482986 229.261
0.483333 229.269
0.483681 229.276
0.484028 229.283
0.484375 229.29
0.484722 229.297
0.485069 229.304
0.485417 229.31
0.485764 229.316
0.486111 229.321
0.486458 229.327
0.486806 229.332
0.487153 229.336
0.4875 229.341
0.487847 229.345
0.488194 229.349
0.488542 229.352
0.488889 229.355
0.489236 229.358
0.489583 229.36
0.489931 229.362
0.490278 229.364
0.490625 229.366
0.490972 229.367
0.491319 229.367
0.491667 229.368
0.492014 229.368
0.492361 229.368
0.492708 229.367
0.493056 229.366
0.493403 229.365
0.49375 229.363
0.494097 229.361
0.494444 229.359
0.494792 229.356
0.495139 229.353
0.495486 229.35
0.495833 229.346
0.496181 229.343
0.496528 229.338
0.496875 229.334
0.497222 229.329
0.497569 229.324
0.497917 229.318
0.498264 229.312
0.498611 229.306
0.498958 229.3
0.499306 229.293
0.499653 229.286
0.5 229.279
0.500347 229.272
0.500694 229.264
0.501042 229.256
0.501389 229.248
0.501736 229.239
0.502083 229.231
0.502431 229.222
0.502778 229.213
0.503125 229.203
0.503472 229.194
0.503819 229.184
0.504167 229.175
0.504514 229.165
0.504861 229.155
0.505208 229.144
0.505556 229.134
0.505903 229.124
0.50625 229.113
0.506597 229.103
0.506944 229.092
0.507292 229.081
0.507639 229.07
0.507986 229.06
0.508333 229.049
0.508681 229.038
0.509028 229.027
0.509375 229.016
0.509722 229.006
0.510069 228.995
0.510417 228.984
0.510764 228.974
0.511111 228.963
0.511458 228.953
0.511806 228.943
0.512153 228.933
0.5125 228.923
0.512847 228.913
0.513194 228.903
0.513542 228.894
0.513889 228.885
0.514236 228.876
0.514583 228.867
0.514931 228.858
0.515278 228.85
0.515625 228.841
0.515972 228.834
0.516319 228.826
0.516667 228.819
0.517014 228.811
0.517361 228.805
0.517708 228.798
0.518056 228.792
0.518403 228.786
0.51875 228.781
0.519097 228.775
0.519444 228.771
0.519792 228.766
0.520139 228.762
0.520486 228.758
0.520833 228.754
0.521181 228.751
0.521528 228.749
0.521875 228.746
0.522222 228.744
0.522569 228.742
0.522917 228.741
0.523264 228.74
0.523611 228.74
0.523958 228.74
0.524306 228.74
0.524653 228.74
0.525 228.741
0.525347 228.743
0.525694 228.744
0.526042 228.746
0.526389 228.749
0.526736 228.752
0.527083 228.755
0.527431 228.758
0.527778 228.762
0.528125 228.766
0.528472 228.771
0.528819 228.776
0.529167 228.781
0.529514 228.786
0.529861 228.792
0.530208 228.798
0.530556 228.805
0.530903 228.812
0.53125 228.819
0.531597 228.826
0.531944 228.833
0.532292 228.841
0.532639 228.849
0.532986 228.858
0.533333 228.866
0.533681 228.875
0.534028 228.884
0.534375 228.893
0.534722 228.902
0.535069 228.912
0.535417 228.921
0.535764 228.931
0.536111 228.941
0.536458 228.951
0.536806 228.962
0.537153 228.972
0.5375 228.983
0.537847 228.993
0.538194 229.004
0.538542 229.015
0.538889 229.025
0.539236 229.036
0.539583 229.047
0.539931 229.058
0.540278 229.069
0.540625 229.08
0.540972 229.091
0.541319 229.102
0.541667 229.112
0.542014 229.123
0.542361 229.134
0.542708 229.145
0.543056 229.155
0.543403 229.166
0.54375 229.176
0.544097 229.187
0.544444 229.197
0.544792 229.207
0.545139 229.217
0.545486 229.227
0.545833 229.237
0.546181 229.246
0.546528 229.255
0.546875 229.265
0.547222 229.274
0.547569 229.282
0.547917 229.291
0.548264 229.299
0.548611 229.307
0.548958 229.315
0.549306 229.323
0.549653 229.33
0.55 229.337
0.550347 229.344
0.550694 229.35
0.551042 229.357
0.551389 229.363
0.551736 229.368
0.552083 229.374
0.552431 229.379
0.552778 229.384
0.553125 229.388
0.553472 229.392
0.553819 229.396
0.554167 229.399
0.554514 229.403
0.554861 229.405
0.555208 229.408
0.555556 229.41
0.555903 229.412
0.55625 229.413
0.556597 229.415
0.556944 229.415
0.557292 229.416
0.557639 229.416
0.557986 229.416
0.558333 229.415
0.558681 229.414
0.559028 229.413
0.559375 229.411
0.559722 229.409
0.560069 229.407
0.560417 229.404
0.560764 229.401
0.561111 229.398
0.561458 229.394
0.561806 229.391
0.562153 229.386
0.5625 229.382
0.562847 229.377
0.563194 229.372
0.563542 229.366
0.563889 229.36
0.564236 229.354
0.564583 229.348
0.564931 229.341
0.565278 229.334
0.565625 229.327
0.565972 229.32
0.566319 229.312
0.566667 229.304
0.567014 229.296
0.567361 229.288
0.567708 229.279
0.568056 229.27
0.568403 229.261
0.56875 229.252
0.569097 229.243
0.569444 229.233
0.569792 229.224
0.570139 229.214
0.570486 229.204
0.570833 229.194
0.571181 229.184
0.571528 229.174
0.571875 229.163
0.572222 229.153
0.572569 229.142
0.572917 229.132
0.573264 229.121
0.573611 229.11
0.573958 229.1
0.574306 229.089
0.574653 229.078
0.575 229.068
0.575347 229.057
0.575694 229.047
0.576042 229.036
0.576389 229.026
0.576736 229.015
0.577083 229.005
0.577431 228.995
0.577778 228.985
0.578125 228.975
0.578472 228.965
0.578819 228.956
0.579167 228.946
0.579514 228.937
0.579861 228.928
0.580208 228.919
0.580556 228.91
0.580903 228.902
0.58125 228.894
0.581597 228.886
0.581944 228.878
0.582292 228.871
0.582639 228.864
0.582986 228.857
0.583333 228.85
0.583681 228.844
0.584028 228.838
0.584375 228.832
0.584722 228.827
0.585069 228.822
0.585417 228.818
0.585764 228.813
0.586111 228.809
0.586458 228.806
0.586806 228.802
0.587153 228.8
0.5875 228.797
0.587847 228.795
0.588194 228.793
0.588542 228.792
0.588889 228.791
0.589236 228.79
0.589583 228.79
0.589931 228.79
0.590278 228.791
0.590625 228.791
0.590972 228.793
0.591319 228.794
0.591667 228.796
0.592014 228.799
0.592361 228.801
0.592708 228.804
0.593056 228.808
0.593403 228.812
0.59375 228.816
0.594097 228.82
0.594444 228.825
0.594792 228.83
0.595139 228.836
0.595486 228.841
0.595833 228.847
0.596181 228.854
0.596528 228.86
0.596875 228.867
0.597222 228.875
0.597569 228.882
0.597917 228.89
0.598264 228.898
0.598611 228.906
0.598958 228.914
0.599306 228.923
0.599653 228.932
0.6 228.941
0.600347 228.95
0.600694 228.96
0.601042 228.97
0.601389 228.979
0.601736 228.989
0.602083 228.999
0.602431 229.01
0.602778 229.02
0.603125 229.03
0.603472 229.041
0.603819 229.051
0.604167 229.062
0.604514 229.073
0.604861 229.084
0.605208 229.094
0.605556 229.105
0.605903 229.116
0.60625 229.127
0.606597 229.138
0.606944 229.149
0.607292 229.159
0.607639 229.17
0.607986 229.181
0.608333 229.192
0.608681 229.202
0.609028 229.213
0.609375 229.223
0.609722 229.233
0.610069 229.244
0.610417 229.254
0.610764 229.264
0.611111 229.273
0.611458 229.283
0.611806 229.292
0.612153 229.302
0.6125 229.311
0.612847 229.32
0.613194 229.328
0.613542 229.337
0.613889 229.345
0.614236 229.353
0.614583 229.361
0.614931 229.369
0.615278 229.376
0.615625 229.383
0.615972 229.39
0.616319 229.397
0.616667 229.403
0.617014 229.409
0.617361 229.415
0.617708 229.42
0.618056 229.425
0.618403 229.43
0.61875 229.435
0.619097 229.439
0.619444 229.443
0.619792 229.446
0.620139 229.449
0.620486 229.452
0.620833 229.455
0.621181 229.457
0.621528 229.459
0.621875 229.46
0.622222 229.462
0.622569 229.463
0.622917 229.463
0.623264 229.463
0.623611 229.463
0.623958 229.463
0.624306 229.462
0.624653 229.46
0.625 229.459
0.625347 229.457
0.625694 229.455
0.626042 229.452
0.626389 229.449
0.626736 229.446
0.627083 229.442
0.627431 229.438
0.627778 229.434
0.628125 229.43
0.628472 229.425
0.628819 229.42
0.629167 229.414
0.629514 229.408
0.629861 229.402
0.630208 229.396
0.630556 229.389
0.630903 229.383
0.63125 229.375
0.631597 229.368
0.631944 229.36
0.632292 229.352
0.632639 229.344
0.632986 229.336
0.633333 229.327
0.633681 229.319
0.634028 229.31
0.634375 229.301
0.634722 229.291
0.635069 229.282
0.635417 229.272
0.635764 229.263
0.636111 229.253
0.636458 229.243
0.636806 229.233
0.637153 229.222
0.6375 229.212
0.637847 229.202
0.638194 229.191
0.638542 229.181
0.638889 229.17
0.639236 229.16
0.639583 229.149
0.639931 229.139
0.640278 229.128
0.640625 229.118
0.640972 229.107
0.641319 229.097
0.641667 229.086
0.642014 229.076
0.642361 229.066
0.642708 229.056
0.643056 229.046
0.643403 229.036
0.64375 229.026
0.644097 229.016
0.644444 229.007
0.644792 228.998
0.645139 228.989
0.645486 228.98
0.645833 228.971
0.646181 228.962
0.646528 228.954
0.646875 228.946
0.647222 228.938
0.647569 228.931
0.647917 228.923
0.648264 228.916
0.648611 228.909
0.648958 228.903
0.649306 228.897
0.649653 228.891
0.65 228.885
0.650347 228.88
0.650694 228.875
0.651042 228.87
0.651389 228.866
0.651736 228.862
0.652083 228.858
0.652431 228.855
0.652778 228.852
0.653125 228.85
0.653472 228.847
0.653819 228.846
0.654167 228.844
0.654514 228.843
0.654861 228.842
0.655208 228.842
0.655556 228.842
0.655903 228.842
0.65625 228.843
0.656597 228.844
0.656944 228.846
0.657292 228.848
0.657639 228.85
0.657986 228.852
0.658333 228.855
0.658681 228.859
0.659028 228.862
0.659375 228.866
0.659722 228.871
0.660069 228.875
0.660417 228.88
0.660764 228.886
0.661111 228.891
0.661458 228.897
0.661806 228.903
0.662153 228.91
0.6625 228.917
0.662847 228.924
0.663194 228.931
0.663542 228.939
0.663889 228.947
0.664236 228.955
0.664583 228.963
0.664931 228.972
0.665278 228.981
0.665625 228.99
0.665972 228.999
0.666319 229.008
0.666667 229.018
0.667014 229.028
0.667361 229.038
0.667708 229.048
0.668056 229.058
0.668403 229.068
0.66875 229.078
0.669097 229.089
0.669444 229.099
0.669792 229.11
0.670139 229.121
0.670486 229.131
0.670833 229.142
0.671181 229.153
0.671528 229.164
0.671875 229.174
0.672222 229.185
0.672569 229.196
0.672917 229.207
0.673264 229.217
0.673611 229.228
0.673958 229.239
0.674306 229.249
0.674653 229.26
0.675 229.27
0.675347 229.28
0.675694 229.29
0.676042 229.3
0.676389 229.31
0.676736 229.32
0.677083 229.329
0.677431 229.339
0.677778 229.348
0.678125 229.357
0.678472 229.366
0.678819 229.375
0.679167 229.383
0.679514 229.391
0.679861 229.399
0.680208 229.407
0.680556 229.415
0.680903 229.422
0.68125 229.429
0.681597 229.436
0.681944 229.443
0.682292 229.449
0.682639 229.455
0.682986 229.461
0.683333 229.466
0.683681 229.471
0.684028 229.476
0.684375 229.48
0.684722 229.485
0.685069 229.489
0.685417 229.492
0.685764 229.495
0.686111 229.498
0.686458 229.501
0.686806 229.503
0.687153 229.505
0.6875 229.507
0.687847 229.508
0.688194 229.509
0.688542 229.509
0.688889 229.51
0.689236 229.51
0.689583 229.509
0.689931 229.508
0.690278 229.507
0.690625 229.506
0.690972 229.504
0.691319 229.502
0.691667 229.499
0.692014 229.496
0.692361 229.493
0.692708 229.49
0.693056 229.486
0.693403 229.482
0.69375 229.477
0.694097 229.472
0.694444 229.467
0.694792 229.462
0.695139 229.456
0.695486 229.45
0.695833 229.444
0.696181 229.437
0.696528 229.431
0.696875 229.423
0.697222 229.416
0.697569 229.409
0.697917 229.401
0.698264 229.393
0.698611 229.384
0.698958 229.376
0.699306 229.367
0.699653 229.358
0.7 229.349
0.700347 229.34
0.700694 229.33
0.701042 229.321
0.701389 229.311
0.701736 229.301
0.702083 229.291
0.702431 229.281
0.702778 229.271
0.703125 229.261
0.703472 229.251
0.703819 229.24
0.704167 229.23
0.704514 229.219
0.704861 229.209
0.705208 229.198
0.705556 229.188
0.705903 229.177
0.70625 229.167
0.706597 229.156
0.706944 229.146
0.707292 229.136
0.707639 229.126
0.707986 229.115
0.708333 229.105
0.708681 229.095
0.709028 229.086
0.709375 229.076
0.709722 229.067
0.710069 229.057
0.710417 229.048
0.710764 229.039
0.711111 229.03
0.711458 229.022
0.711806 229.013
0.712153 229.005
0.7125 228.997
0.712847 228.99
0.713194 228.982
0.713542 228.975
0.713889 228.968
0.714236 228.961
0.714583 228.955
0.714931 228.949
0.715278 228.943
0.715625 228.938
0.715972 228.933
0.716319 228.928
0.716667 228.923
0.717014 228.919
0.717361 228.915
0.717708 228.912
0.718056 228.908
0.718403 228.906
0.71875 228.903
0.719097 228.901
0.719444 228.899
0.719792 228.898
0.720139 228.897
0.720486 228.896
0.720833 228.895
0.721181 228.895
0.721528 228.896
0.721875 228.897
0.722222 228.898
0.722569 228.899
0.722917 228.901
0.723264 228.903
0.723611 228.905
0.723958 228.908
0.724306 228.911
0.724653 228.915
0.725 228.919
0.725347 228.923
0.725694 228.928
0.726042 228.932
0.726389 228.938
0.726736 228.943
0.727083 228.949
0.727431 228.955
0.727778 228.961
0.728125 228.968
0.728472 228.975
0.728819 228.982
0.729167 228.99
0.729514 228.997
0.729861 229.005
0.730208 229.014
0.730556 229.022
0.730903 229.031
0.73125 229.04
0.731597 229.049
0.731944 229.058
0.732292 229.067
0.732639 229.077
0.732986 229.087
0.733333 229.096
0.733681 229.106
0.734028 229.117
0.734375 229.127
0.734722 229.137
0.735069 229.148
0.735417 229.158
0.735764 229.169
0.736111 229.179
0.736458 229.19
0.736806 229.201
0.737153 229.211
0.7375 229.222
0.737847 229.233
0.738194 229.243
0.738542 229.254
0.738889 229.265
0.739236 229.275
0.739583 229.286
0.739931 229.296
0.740278 229.306
0.740625 229.317
0.740972 229.327
0.741319 229.337
0.741667 229.347
0.742014 229.357
0.742361 229.366
0.742708 229.376
0.743056 229.385
0.743403 229.394
0.74375 229.403
0.744097 229.412
0.744444 229.421
0.744792 229.429
0.745139 229.437
0.745486 229.445
0.745833 229.453
0.746181 229.461
0.746528 229.468
0.746875 229.475
0.747222 229.482
0.747569 229.488
0.747917 229.494
0.748264 229.5
0.748611 229.506
0.748958 229.511
0.749306 229.517
0.749653 229.521
0.75 229.526
0.750347 229.53
0.750694 229.534
0.751042 229.538
0.751389 229.541
0.751736 229.544
0.752083 229.546
0.752431 229.549
0.752778 229.551
0.753125 229.552
0.753472 229.553
0.753819 229.554
0.754167 229.555
0.754514 229.555
0.754861 229.555
0.755208 229.555
0.755556 229.554
0.755903 229.553
0.75625 229.551
0.756597 229.55
0.756944 229.547
0.757292 229.545
0.757639 229.542
0.757986 229.539
0.758333 229.536
0.758681 229.532
0.759028 229.528
0.759375 229.523
0.759722 229.519
0.760069 229.514
0.760417 229.508
0.760764 229.503
0.761111 229.497
0.761458 229.491
0.761806 229.484
0.762153 229.477
0.7625 229.47
0.762847 229.463
0.763194 229.456
0.763542 229.448
0.763889 229.44
0.764236 229.432
0.764583 229.423
0.764931 229.415
0.765278 229.406
0.765625 229.397
0.765972 229.388
0.766319 229.379
0.766667 229.369
0.767014 229.359
0.767361 229.35
0.767708 229.34
0.768056 229.33
0.768403 229.32
0.76875 229.309
0.769097 229.299
0.769444 229.289
0.769792 229.279
0.770139 229.268
0.770486 229.258
0.770833 229.247
0.771181 229.237
0.771528 229.226
0.771875 229.216
0.772222 229.206
0.772569 229.195
0.772917 229.185
0.773264 229.175
0.773611 229.165
0.773958 229.155
0.774306 229.145
0.774653 229.135
0.775 229.126
0.775347 229.116
0.775694 229.107
0.776042 229.098
0.776389 229.089
0.776736 229.08
0.777083 229.072
0.777431 229.064
0.777778 229.055
0.778125 229.048
0.778472 229.04
0.778819 229.033
0.779167 229.026
0.779514 229.019
0.779861 229.012
0.780208 229.006
0.780556 229
0.780903 228.995
0.78125 228.989
0.781597 228.984
0.781944 228.98
0.782292 228.975
0.782639 228.971
0.782986 228.967
0.783333 228.964
0.783681 228.961
0.784028 228.958
0.784375 228.956
0.784722 228.954
0.785069 228.952
0.785417 228.951
0.785764 228.95
0.786111 228.949
0.786458 228.949
0.786806 228.949
0.787153 228.95
0.7875 228.95
0.787847 228.952
0.788194 228.953
0.788542 228.955
0.788889 228.957
0.789236 228.96
0.789583 228.963
0.789931 228.966
0.790278 228.969
0.790625 228.973
0.790972 228.977
0.791319 228.982
0.791667 228.986
0.792014 228.992
0.792361 228.997
0.792708 229.003
0.793056 229.009
0.793403 229.015
0.79375 229.021
0.794097 229.028
0.794444 229.035
0.794792 229.043
0.795139 229.05
0.795486 229.058
0.795833 229.066
0.796181 229.074
0.796528 229.083
0.796875 229.091
0.797222 229.1
0.797569 229.109
0.797917 229.119
0.798264 229.128
0.798611 229.138
0.798958 229.147
0.799306 229.157
0.799653 229.167
0.8 229.177
0.800347 229.187
0.800694 229.197
0.801042 229.208
0.801389 229.218
0.801736 229.229
0.802083 229.239
0.802431 229.25
0.802778 229.26
0.803125 229.271
0.803472 229.281
0.803819 229.292
0.804167 229.302
0.804514 229.313
0.804861 229.323
0.805208 229.334
0.805556 229.344
0.805903 229.354
0.80625 229.364
0.806597 229.374
0.806944 229.384
0.807292 229.394
0.807639 229.404
0.807986 229.413
0.808333 229.423
0.808681 229.432
0.809028 229.441
0.809375 229.45
0.809722 229.459
0.810069 229.467
0.810417 229.475
0.810764 229.484
0.811111 229.491
0.811458 229.499
0.811806 229.507
0.812153 229.514
0.8125 229.521
0.812847 229.527
0.813194 229.534
0.813542 229.54
0.813889 229.546
0.814236 229.552
0.814583 229.557
0.814931 229.562
0.815278 229.567
0.815625 229.571
0.815972 229.575
0.816319 229.579
0.816667 229.583
0.817014 229.586
0.817361 229.589
0.817708 229.591
0.818056 229.593
0.818403 229.595
0.81875 229.597
0.819097 229.598
0.819444 229.599
0.819792 229.6
0.820139 229.6
0.820486 229.6
0.820833 229.599
0.821181 229.599
0.821528 229.598
0.821875 229.596
0.822222 229.594
0.822569 229.592
0.822917 229.59
0.823264 229.587
0.823611 229.584
0.823958 229.581
0.824306 229.577
0.824653 229.573
0.825 229.568
0.825347 229.564
0.825694 229.559
0.826042 229.554
0.826389 229.548
0.826736 229.542
0.827083 229.536
0.827431 229.53
0.827778 229.523
0.828125 229.516
0.828472 229.509
0.828819 229.501
0.829167 229.494
0.829514 229.486
0.829861 229.478
0.830208 229.469
0.830556 229.461
0.830903 229.452
0.83125 229.443
0.831597 229.434
0.831944 229.425
0.832292 229.416
0.832639 229.406
0.832986 229.396
0.833333 229.387
0.833681 229.377
0.834028 229.367
0.834375 229.357
0.834722 229.347
0.835069 229.336
0.835417 229.326
0.835764 229.316
0.836111 229.306
0.836458 229.295
0.836806 229.285
0.837153 229.275
0.8375 229.264
0.837847 229.254
0.838194 229.244
0.838542 229.234
0.838889 229.224
0.839236 229.214
0.839583 229.204
0.839931 229.194
0.840278 229.185
0.840625 229.175
0.840972 229.166
0.841319 229.157
0.841667 229.148
0.842014 229.139
0.842361 229.13
0.842708 229.122
0.843056 229.113
0.843403 229.105
0.84375 229.098
0.844097 229.09
0.844444 229.083
0.844792 229.076
0.845139 229.069
0.845486 229.063
0.845833 229.057
0.846181 229.051
0.846528 229.045
0.846875 229.04
0.847222 229.035
0.847569 229.03
0.847917 229.026
0.848264 229.022
0.848611 229.019
0.848958 229.015
0.849306 229.012
0.849653 229.01
0.85 229.008
0.850347 229.006
0.850694 229.004
0.851042 229.003
0.851389 229.002
0.851736 229.002
0.852083 229.002
0.852431 229.002
0.852778 229.003
0.853125 229.004
0.853472 229.005
0.853819 229.006
0.854167 229.008
0.854514 229.011
0.854861 229.013
0.855208 229.016
0.855556 229.02
0.855903 229.023
0.85625 229.027
0.856597 229.032
0.856944 229.036
0.857292 229.041
0.857639 229.046
0.857986 229.052
0.858333 229.058
0.858681 229.064
0.859028 229.07
0.859375 229.076
0.859722 229.083
0.860069 229.09
0.860417 229.098
0.860764 229.105
0.861111 229.113
0.861458 229.121
0.861806 229.129
0.862153 229.137
0.8625 229.146
0.862847 229.155
0.863194 229.164
0.863542 229.173
0.863889 229.182
0.864236 229.191
0.864583 229.201
0.864931 229.21
0.865278 229.22
0.865625 229.23
0.865972 229.24
0.866319 229.25
0.866667 229.26
0.867014 229.27
0.867361 229.28
0.867708 229.291
0.868056 229.301
0.868403 229.311
0.86875 229.322
0.869097 229.332
0.869444 229.342
0.869792 229.353
0.870139 229.363
0.870486 229.373
0.870833 229.383
0.871181 229.393
0.871528 229.404
0.871875 229.413
0.872222 229.423
0.872569 229.433
0.872917 229.443
0.873264 229.452
0.873611 229.462
0.873958 229.471
0.874306 229.48
0.874653 229.489
0.875 229.498
0.875347 229.506
0.875694 229.515
0.876042 229.523
0.876389 229.531
0.876736 229.539
0.877083 229.546
0.877431 229.554
0.877778 229.561
0.878125 229.567
0.878472 229.574
0.878819 229.58
0.879167 229.586
0.879514 229.592
0.879861 229.598
0.880208 229.603
0.880556 229.608
0.880903 229.613
0.88125 229.617
0.881597 229.621
0.881944 229.625
0.882292 229.628
0.882639 229.631
0.882986 229.634
0.883333 229.637
0.883681 229.639
0.884028 229.64
0.884375 229.642
0.884722 229.643
0.885069 229.644
0.885417 229.645
0.885764 229.645
0.886111 229.645
0.886458 229.644
0.886806 229.643
0.887153 229.642
0.8875 229.641
0.887847 229.639
0.888194 229.637
0.888542 229.634
0.888889 229.631
0.889236 229.628
0.889583 229.625
0.889931 229.621
0.890278 229.617
0.890625 229.613
0.890972 229.608
0.891319 229.603
0.891667 229.598
0.892014 229.592
0.892361 229.586
0.892708 229.58
0.893056 229.574
0.893403 229.567
0.89375 229.56
0.894097 229.553
0.894444 229.546
0.894792 229.538
0.895139 229.53
0.895486 229.522
0.895833 229.514
0.896181 229.505
0.896528 229.497
0.896875 229.488
0.897222 229.479
0.897569 229.47
0.897917 229.46
0.898264 229.451
0.898611 229.441
0.898958 229.432
0.899306 229.422
0.899653 229.412
0.9 229.402
0.900347 229.392
0.900694 229.382
0.901042 229.372
0.901389 229.362
0.901736 229.352
0.902083 229.341
0.902431 229.331
0.902778 229.321
0.903125 229.311
0.903472 229.301
0.903819 229.291
0.904167 229.281
0.904514 229.271
0.904861 229.261
0.905208 229.251
0.905556 229.242
0.905903 229.232
0.90625 229.223
0.906597 229.214
0.906944 229.205
0.907292 229.196
0.907639 229.187
0.907986 229.179
0.908333 229.17
0.908681 229.162
0.909028 229.154
0.909375 229.147
0.909722 229.139
0.910069 229.132
0.910417 229.125
0.910764 229.119
0.911111 229.112
0.911458 229.106
0.911806 229.101
0.912153 229.095
0.9125 229.09
0.912847 229.085
0.913194 229.081
0.913542 229.077
0.913889 229.073
0.914236 229.069
0.914583 229.066
0.914931 229.063
0.915278 229.061
0.915625 229.058
0.915972 229.057
0.916319 229.055
0.916667 229.054
0.917014 229.053
0.917361 229.053
0.917708 229.053
0.918056 229.053
0.918403 229.054
0.91875 229.055
0.919097 229.057
0.919444 229.058
0.919792 229.06
0.920139 229.063
0.920486 229.066
0.920833 229.069
0.921181 229.072
0.921528 229.076
0.921875 229.08
0.922222 229.085
0.922569 229.089
0.922917 229.094
0.923264 229.1
0.923611 229.105
0.923958 229.111
0.924306 229.118
0.924653 229.124
0.925 229.131
0.925347 229.138
0.925694 229.145
0.926042 229.152
0.926389 229.16
0.926736 229.168
0.927083 229.176
0.927431 229.184
0.927778 229.193
0.928125 229.201
0.928472 229.21
0.928819 229.219
0.929167 229.228
0.929514 229.237
0.929861 229.247
0.930208 229.256
0.930556 229.266
0.930903 229.275
0.93125 229.285
0.931597 229.295
0.931944 229.305
0.932292 229.315
0.932639 229.325
0.932986 229.335
0.933333 229.345
0.93368 229.355
0.934028 229.365
0.934375 229.376
0.934722 229.386
0.935069 229.396
0.935417 229.406
0.935764 229.416
0.936111 229.426
0.936458 229.436
0.936805 229.446
0.937153 229.456
0.9375 229.466
0.937847 229.475
0.938194 229.485
0.938542 229.494
0.938889 229.504
0.939236 229.513
0.939583 229.522
0.93993 229.531
0.940278 229.539
0.940625 229.548
0.940972 229.556
0.941319 229.565
0.941667 229.573
0.942014 229.58
0.942361 229.588
0.942708 229.595
0.943055 229.603
0.943403 229.609
0.94375 229.616
0.944097 229.623
0.944444 229.629
0.944792 229.635
0.945139 229.64
0.945486 229.646
0.945833 229.651
0.94618 229.656
0.946528 229.66
0.946875 229.664
0.947222 229.668
0.947569 229.672
0.947917 229.675
0.948264 229.678
0.948611 229.681
0.948958 229.683
0.949305 229.685
0.949653 229.687
0.95 229.688
0.950347 229.689
0.950694 229.69
0.951042 229.69
0.951389 229.69
0.951736 229.69
0.952083 229.69
0.95243 229.689
0.952778 229.687
0.953125 229.686
0.953472 229.684
0.953819 229.682
0.954167 229.679
0.954514 229.676
0.954861 229.673
0.955208 229.67
0.955555 229.666
0.955903 229.662
0.95625 229.657
0.956597 229.652
0.956944 229.647
0.957292 229.642
0.957639 229.636
0.957986 229.631
0.958333 229.624
0.95868 229.618
0.959028 229.611
0.959375 229.604
0.959722 229.597
0.960069 229.59
0.960417 229.582
0.960764 229.574
0.961111 229.566
0.961458 229.558
0.961805 229.549
0.962153 229.541
0.9625 229.532
0.962847 229.523
0.963194 229.514
0.963542 229.504
0.963889 229.495
0.964236 229.485
0.964583 229.476
0.96493 229.466
0.965278 229.456
0.965625 229.446
0.965972 229.436
0.966319 229.426
0.966667 229.416
0.967014 229.406
0.967361 229.396
0.967708 229.386
0.968055 229.376
0.968403 229.366
0.96875 229.355
0.969097 229.345
0.969444 229.336
0.969792 229.326
0.970139 229.316
0.970486 229.306
0.970833 229.297
0.97118 229.287
0.971528 229.278
0.971875 229.269
0.972222 229.26
0.972569 229.251
0.972917 229.242
0.973264 229.233
0.973611 229.225
0.973958 229.217
0.974305 229.209
0.974653 229.201
0.975 229.194
0.975347 229.187
0.975694 229.18
0.976042 229.173
0.976389 229.167
0.976736 229.16
0.977083 229.155
0.97743 229.149
0.977778 229.144
0.978125 229.139
0.978472 229.134
0.978819 229.13
0.979167 229.126
0.979514 229.122
0.979861 229.118
0.980208 229.115
0.980555 229.113
0.980903 229.11
0.98125 229.108
0.981597 229.107
0.981944 229.105
0.982292 229.104
0.982639 229.104
0.982986 229.103
0.983333 229.103
0.98368 229.104
0.984028 229.105
0.984375 229.106
0.984722 229.107
0.985069 229.109
0.985417 229.111
0.985764 229.114
0.986111 229.117
0.986458 229.12
0.986805 229.123
0.987153 229.127
0.9875 229.131
0.987847 229.136
0.988194 229.141
0.988542 229.146
0.988889 229.151
0.989236 229.157
0.989583 229.163
0.98993 229.17
0.990278 229.176
0.990625 229.183
0.990972 229.19
0.991319 229.197
0.991667 229.205
0.992014 229.213
0.992361 229.221
0.992708 229.229
0.993055 229.237
0.993403 229.246
0.99375 229.255
0.994097 229.264
0.994444 229.273
0.994792 229.282
0.995139 229.292
0.995486 229.301
0.995833 229.311
0.99618 229.32
0.996528 229.33
0.996875 229.34
0.997222 229.35
0.997569 229.36
0.997917 229.37
0.998264 229.38
0.998611 229.39
0.998958 229.401
0.999305 229.411
0.999653 229.421
>>>>>>> d9a997fa8a9e59c18ef81a71abaa4a30aea08804
