1472.62 -6718.5 -0.148522
1694.85 -6665.89 -0.141219
1915.21 -6605.92 -0.133865
2133.45 -6538.67 -0.126464
2349.34 -6464.19 -0.119023
2562.63 -6382.57 -0.111546
2773.1 -6293.91 -0.104038
2980.5 -6198.3 -0.0965043
3184.61 -6095.84 -0.0889486
3385.21 -5986.66 -0.0813751
3582.07 -5870.86 -0.0737876
3774.97 -5748.58 -0.0661899
3963.7 -5619.95 -0.0585855
4148.06 -5485.12 -0.0509776
4327.83 -5344.23 -0.0433697
4502.83 -5197.43 -0.035765
4672.85 -5044.89 -0.0281666
4837.7 -4886.78 -0.0205777
4997.22 -4723.28 -0.0130017
5151.21 -4554.55 -0.00544175
5299.51 -4380.79 0.00209864
5441.96 -4202.19 0.00961595
5578.39 -4018.94 0.0171065
5708.65 -3831.25 0.0245663
5832.61 -3639.33 0.0319913
5950.11 -3443.38 0.0393773
6061.04 -3243.63 0.0467195
6165.27 -3040.29 0.0540131
6262.67 -2833.59 0.061253
6353.16 -2623.75 0.0684337
6436.61 -2411.01 0.0755495
6512.95 -2195.61 0.0825943
6582.07 -1977.77 0.0895618
6643.92 -1757.75 0.0964451
6698.41 -1535.78 0.103237
6745.49 -1312.11 0.109932
6785.1 -1086.99 0.11652
6817.2 -860.663 0.122994
6841.75 -633.385 0.129347
6858.73 -405.406 0.135569
6868.11 -176.977 0.141653
6869.88 51.647 0.147589
6864.04 280.214 0.153369
6850.6 508.471 0.158984
6829.56 736.164 0.164424
6800.95 963.041 0.169681
6764.81 1188.85 0.174746
6721.17 1413.34 0.179609
6670.07 1636.27 0.184262
6611.58 1857.38 0.188695
6545.76 2076.43 0.1929
6472.67 2293.17 0.196869
6392.4 2507.37 0.200593
6305.04 2718.79 0.204064
6210.69 2927.2 0.207274
6109.44 3132.35 0.210217
6001.41 3334.03 0.212885
5886.72 3532 0.215272
5765.49 3726.06 0.217371
5637.87 3915.98 0.219179
5503.98 4101.54 0.220689
5363.97 4282.56 0.221897
5218.01 4458.81 0.222799
5066.25 4630.11 0.223393
4908.87 4796.27 0.223676
4746.02 4957.09 0.223646
4577.91 5112.41 0.223301
4404.7 5262.05 0.222642
4226.6 5405.83 0.221668
4043.81 5543.61 0.22038
3856.51 5675.22 0.21878
3664.93 5800.52 0.21687
3469.27 5919.38 0.214653
3269.75 6031.65 0.212132
3066.6 6137.21 0.209311
2860.04 6235.94 0.206195
2650.29 6327.74 0.20279
2437.6 6412.49 0.199101
2222.19 6490.12 0.195134
2004.31 6560.52 0.190897
1784.21 6623.62 0.186397
1562.11 6679.35 0.181642
1338.28 6727.65 0.17664
1112.96 6768.45 0.1714
886.398 6801.73 0.16593
658.851 6827.44 0.160241
430.571 6845.54 0.154342
201.811 6856.03 0.148242
-27.1732 6858.89 0.141952
-256.127 6854.1 0.135482
-484.796 6841.69 0.128843
-712.926 6821.67 0.122043
-940.262 6794.05 0.115096
-1166.55 6758.86 0.108009
-1391.54 6716.15 0.100796
-1614.98 6665.97 0.0934646
-1836.63 6608.36 0.0860267
-2056.23 6543.4 0.0784925
-2273.54 6471.15 0.0708722
-2488.31 6391.7 0.0631759
-2700.32 6305.13 0.0554137
-2909.33 6211.55 0.0475954
-3115.09 6111.05 0.0397309
-3317.39 6003.74 0.0318296
-3516 5889.76 0.023901
-3710.69 5769.22 0.0159542
-3901.25 5642.26 0.00799823
-4087.47 5509.02 4.19795e-05
-4269.15 5369.65 -0.0079059
-4446.07 5224.31 -0.0158369
-4618.05 5073.15 -0.0237428
-4784.88 4916.35 -0.0316153
-4946.4 4754.08 -0.0394465
-5102.41 4586.52 -0.0472284
-5252.75 4413.86 -0.0549534
-5397.24 4236.29 -0.0626138
-5535.74 4054.01 -0.0702021
-5668.07 3867.22 -0.0777109
-5794.11 3676.13 -0.0851329
-5913.7 3480.95 -0.0924607
-6026.72 3281.9 -0.0996871
-6133.04 3079.21 -0.106805
-6232.55 2873.09 -0.113807
-6325.12 2663.78 -0.120687
-6410.67 2451.51 -0.127436
-6489.1 2236.52 -0.134049
-6560.32 2019.04 -0.140518
-6624.25 1799.32 -0.146835
-6680.83 1577.6 -0.152995
-6729.98 1354.13 -0.158989
-6771.66 1129.16 -0.164811
-6805.83 902.931 -0.170453
-6832.44 675.701 -0.175909
-6851.47 447.72 -0.181172
-6862.89 219.243 -0.186235
-6866.7 -9.47725 -0.19109
-6862.89 -238.187 -0.195732
-6851.46 -466.633 -0.200153
-6832.44 -694.561 -0.204346
-6805.84 -921.719 -0.208306
-6771.7 -1147.85 -0.212026
-6730.04 -1372.72 -0.2155
-6680.93 -1596.06 -0.218722
-6624.41 -1817.63 -0.221686
-6560.55 -2037.19 -0.224387
-6489.42 -2254.49 -0.226821
-6411.11 -2469.29 -0.228981
-6325.68 -2681.36 -0.230864
-6233.26 -2890.46 -0.232466
-6133.93 -3096.36 -0.233783
-6027.81 -3298.83 -0.234812
-5915.01 -3497.64 -0.235551
-5795.67 -3692.59 -0.235997
-5669.91 -3883.44 -0.236148
-5537.87 -4070 -0.236004
-5399.71 -4252.06 -0.235564
-5255.58 -4429.41 -0.234829
-5105.63 -4601.86 -0.233798
-4950.03 -4769.22 -0.232474
-4788.96 -4931.3 -0.230857
-4622.59 -5087.93 -0.228952
-4451.11 -5238.94 -0.22676
-4274.7 -5384.15 -0.224286
-4093.58 -5523.41 -0.221535
-3907.92 -5656.57 -0.218511
-3717.95 -5783.47 -0.215221
-3523.87 -5903.98 -0.21167
-3325.89 -6017.97 -0.207867
-3124.24 -6125.3 -0.203818
-2919.14 -6225.87 -0.199532
-2710.81 -6319.56 -0.195017
-2499.49 -6406.27 -0.190283
-2285.4 -6485.9 -0.185339
-2068.79 -6558.36 -0.180197
-1849.9 -6623.59 -0.174865
-1628.96 -6681.49 -0.169356
-1406.23 -6732.02 -0.163681
-1181.94 -6775.12 -0.157851
-956.345 -6810.73 -0.151879
-729.695 -6838.83 -0.145775
-502.24 -6859.37 -0.139554
-274.23 -6872.34 -0.133226
-45.917 -6877.72 -0.126805
182.446 -6875.5 -0.120303
410.608 -6865.7 -0.113732
638.317 -6848.32 -0.107105
865.321 -6823.37 -0.100434
1091.37 -6790.9 -0.0937303
1316.21 -6750.92 -0.087007
1539.6 -6703.5 -0.0802752
1761.29 -6648.67 -0.0735462
1981.04 -6586.51 -0.0668309
2198.6 -6517.07 -0.06014
2413.73 -6440.43 -0.0534836
2626.2 -6356.69 -0.0468717
2835.77 -6265.93 -0.0403134
3042.2 -6168.25 -0.0338176
3245.28 -6063.76 -0.0273928
3444.78 -5952.57 -0.0210466
3640.47 -5834.82 -0.0147864
3832.14 -5710.61 -0.00861894
4019.57 -5580.1 -0.00255046
4202.57 -5443.43 0.00341341
4380.93 -5300.75 0.00926753
4554.45 -5152.21 0.0150073
4722.94 -4997.98 0.0206288
4886.2 -4838.23 0.0261283
5044.08 -4673.14 0.0315029
5196.37 -4502.88 0.03675
5342.93 -4327.64 0.0418676
5483.58 -4147.62 0.046854
5618.18 -3963.02 0.051708
5746.56 -3774.04 0.0564286
5868.59 -3580.89 0.0610156
5984.13 -3383.77 0.0654685
6093.06 -3182.92 0.0697876
6195.24 -2978.55 0.0739732
6290.58 -2770.88 0.0780258
6378.96 -2560.15 0.0819461
6460.29 -2346.58 0.0857351
6534.46 -2130.43 0.0893936
6601.41 -1911.91 0.0929228
6661.05 -1691.28 0.0963235
6713.32 -1468.77 0.099597
6758.17 -1244.64 0.102744
6795.52 -1019.13 0.105766
6825.36 -792.496 0.108663
6847.64 -564.982 0.111436
6862.33 -336.842 0.114086
6869.43 -108.329 0.116612
6868.92 120.305 0.119016
6860.79 348.805 0.121296
6845.06 576.919 0.123453
6821.75 804.393 0.125486
6790.88 1030.98 0.127394
6752.48 1256.42 0.129177
6706.59 1480.46 0.130832
6653.27 1702.87 0.132358
6592.57 1923.39 0.133753
6524.55 2141.77 0.135015
6449.3 2357.78 0.136143
6366.89 2571.17 0.137132
6277.42 2781.71 0.137981
6180.98 2989.16 0.138687
6077.69 3193.3 0.139246
5967.64 3393.89 0.139655
5850.97 3590.71 0.139911
5727.81 3783.55 0.140011
5598.28 3972.18 0.139951
5462.54 4156.4 0.139728
5320.72 4336.01 0.139339
5173 4510.8 0.13878
5019.53 4680.57 0.138047
4860.48 4845.15 0.137139
4696.04 5004.34 0.136052
4526.37 5157.97 0.134784
4351.67 5305.86 0.133331
4172.13 5447.86 0.131693
3987.96 5583.8 0.129867
3799.35 5713.53 0.127851
3606.52 5836.91 0.125645
3409.67 5953.8 0.123249
3209.03 6064.06 0.120661
3004.83 6167.58 0.117883
2797.28 6264.24 0.114914
2586.62 6353.93 0.111756
2373.08 6436.55 0.108412
2156.91 6512.01 0.104882
1938.33 6580.22 0.101169
1717.59 6641.11 0.097278
1494.95 6694.61 0.0932114
1270.64 6740.66 0.088974
1044.92 6779.21 0.0845703
818.029 6810.21 0.080006
590.232 6833.63 0.0752866
361.779 6849.45 0.0704186
132.922 6857.64 0.0654087
-96.0818 6858.19 0.0602642
-324.979 6851.11 0.0549926
-553.514 6836.41 0.0496019
-781.433 6814.09 0.0441005
-1008.48 6784.19 0.0384971
-1234.41 6746.73 0.0328006
-1458.96 6701.77 0.0270203
-1681.89 6649.34 0.0211657
-1902.94 6589.51 0.0152463
-2121.88 6522.35 0.00927208
-2338.46 6447.92 0.00325282
-2552.43 6366.32 -0.00280147
-2763.56 6277.63 -0.00888074
-2971.61 6181.95 -0.014975
-3176.36 6079.39 -0.0210742
-3377.57 5970.06 -0.0271685
-3575.02 5854.09 -0.0332481
-3768.49 5731.6 -0.0393032
-3957.77 5602.73 -0.0453244
-4142.65 5467.63 -0.0513023
-4322.91 5326.45 -0.0572278
-4498.36 5179.33 -0.0630921
-4668.81 5026.46 -0.0688866
-4834.07 4867.99 -0.0746029
-4993.95 4704.11 -0.0802331
-5148.27 4534.99 -0.0857695
-5296.87 4360.83 -0.0912047
-5439.57 4181.82 -0.0965317
-5576.23 3998.16 -0.101744
-5706.68 3810.05 -0.106835
-5830.79 3617.71 -0.111798
-5948.42 3421.34 -0.116629
-6059.44 3221.18 -0.121321
-6163.72 3017.43 -0.125871
-6261.15 2810.32 -0.130272
-6351.62 2600.1 -0.134521
-6435.03 2386.98 -0.138614
-6511.3 2171.22 -0.142546
-6580.33 1953.04 -0.146315
-6642.06 1732.69 -0.149918
-6696.4 1510.42 -0.15335
-6743.31 1286.47 -0.15661
-6782.74 1061.09 -0.159695
-6814.63 834.53 -0.162602
-6838.96 607.047 -0.165329
-6855.7 378.891 -0.167874
-6864.83 150.314 -0.170236
-6866.35 -78.4304 -0.172412
-6860.24 -307.087 -0.1744
-6846.53 -535.404 -0.176199
-6825.22 -763.127 -0.177808
-6796.35 -990.003 -0.179224
-6759.94 -1215.78 -0.180447
-6716.03 -1440.21 -0.181475
-6664.68 -1663.05 -0.182307
-6605.95 -1884.04 -0.182941
-6539.89 -2102.94 -0.183376
-6466.59 -2319.52 -0.18361
-6386.12 -2533.52 -0.183644
-6298.58 -2744.72 -0.183475
-6204.07 -2952.87 -0.183102
-6102.68 -3157.76 -0.182525
-5994.53 -3359.15 -0.181743
-5879.75 -3556.83 -0.180754
-5758.47 -3750.56 -0.179558
-5630.8 -3940.15 -0.178155
-5496.91 -4125.37 -0.176544
-5356.93 -4306.03 -0.174725
-5211.03 -4481.92 -0.172697
-5059.36 -4652.86 -0.170462
-4902.1 -4818.65 -0.168018
-4739.41 -4979.11 -0.165368
-4571.49 -5134.06 -0.162511
-4398.51 -5283.34 -0.15945
-4220.66 -5426.78 -0.156185
-4038.15 -5564.22 -0.152719
-3851.18 -5695.5 -0.149053
-3659.95 -5820.49 -0.145192
-3464.67 -5939.05 -0.141137
-3265.57 -6051.05 -0.136893
-3062.86 -6156.36 -0.132463
-2856.76 -6254.87 -0.127852
-2647.51 -6346.46 -0.123064
-2435.33 -6431.05 -0.118106
-2220.46 -6508.53 -0.112983
-2003.14 -6578.83 -0.107702
-1783.61 -6641.86 -0.10227
-1562.11 -6697.55 -0.0966929
-1338.88 -6745.85 -0.0909802
-1114.18 -6786.7 -0.0851399
-888.243 -6820.05 -0.0791809
-661.327 -6845.87 -0.0731124
-433.681 -6864.14 -0.0669444
-205.555 -6874.83 -0.060687
22.7967 -6877.92 -0.0543507
251.124 -6873.43 -0.0479467
479.173 -6861.34 -0.0414863
706.694 -6841.68 -0.034981
933.435 -6814.47 -0.0284427
1159.14 -6779.74 -0.0218837
1383.58 -6737.52 -0.0153162
1606.48 -6687.86 -0.00875271
1827.61 -6630.82 -0.00220588
2046.72 -6566.46 0.00431166
2263.57 -6494.85 0.0107872
2477.93 -6416.07 0.0172081
2689.54 -6330.21 0.0235617
2898.19 -6237.36 0.0298357
3103.64 -6137.62 0.0360176
3305.66 -6031.1 0.0420955
3504.03 -5917.93 0.0480574
3698.54 -5798.22 0.053892
3888.96 -5672.11 0.059588
4075.08 -5539.74 0.0651346
4256.7 -5401.24 0.0705216
4433.62 -5256.78 0.0757392
4605.65 -5106.52 0.080778
4772.59 -4950.61 0.0856292
4934.25 -4789.24 0.0902846
5090.46 -4622.57 0.0947366
5241.05 -4450.8 0.0989783
5385.85 -4274.1 0.103003
5524.69 -4092.69 0.106806
5657.43 -3906.75 0.110382
5783.92 -3716.5 0.113726
5904.01 -3522.13 0.116835
6017.58 -3323.87 0.119706
6124.49 -3121.94 0.122337
6224.63 -2916.56 0.124727
6317.89 -2707.94 0.126875
6404.16 -2496.34 0.12878
6483.34 -2281.97 0.130443
6555.36 -2065.08 0.131866
6620.12 -1845.9 0.13305
6677.55 -1624.69 0.133998
6727.59 -1401.67 0.134712
6770.19 -1177.1 0.135196
6805.29 -951.228 0.135455
6832.86 -724.304 0.135492
6852.87 -496.577 0.135313
6865.28 -268.3 0.134922
6870.09 -39.7264 0.134326
6867.29 188.892 0.133529
6856.88 417.3 0.132539
6838.87 645.247 0.131361
6813.29 872.479 0.130002
6780.15 1098.74 0.128469
6739.5 1323.79 0.126768
6691.37 1547.37 0.124906
6635.83 1769.23 0.12289
6572.92 1989.13 0.120726
6502.73 2206.83 0.11842
6425.32 2422.08 0.11598
6340.78 2634.64 0.113412
6249.21 2844.27 0.110721
6150.7 3050.75 0.107915
6045.37 3253.85 0.104997
5933.32 3453.33 0.101974
5814.69 3648.98 0.098851
5689.6 3840.58 0.0956329
5558.19 4027.91 0.0923241
5420.6 4210.77 0.0889291
5277 4388.95 0.0854518
5127.54 4562.25 0.0818959
4972.37 4730.49 0.0782647
4811.68 4893.47 0.0745614
4645.65 5051.01 0.0707888
4474.45 5202.93 0.0669494
4298.27 5349.08 0.0630454
4117.32 5489.27 0.059079
3931.79 5623.37 0.0550519
3741.89 5751.21 0.0509657
3547.83 5872.65 0.046822
3349.82 5987.56 0.0426221
3148.08 6095.81 0.0383671
2942.85 6197.29 0.0340581
2734.33 6291.86 0.0296964
2522.78 6379.44 0.0252828
2308.42 6459.92 0.0208185
2091.49 6533.21 0.0163045
1872.24 6599.23 0.0117422
1650.9 6657.91 0.00713262
1427.73 6709.17 0.00247737
1202.96 6752.97 -0.00222202
976.857 6789.26 -0.00696376
749.666 6817.98 -0.0117459
521.641 6839.12 -0.016566
293.036 6852.64 -0.0214218
64.104 6858.54 -0.0263104
-164.899 6856.79 -0.0312287
-393.718 6847.42 -0.0361734
-622.098 6830.42 -0.0411406
-849.786 6805.82 -0.0461263
-1076.53 6773.64 -0.0511262
-1302.07 6733.92 -0.0561355
-1526.16 6686.7 -0.0611491
-1748.56 6632.04 -0.0661617
-1969 6569.99 -0.0711675
-2187.26 6500.63 -0.0761605
-2403.08 6424.04 -0.0811344
-2616.22 6340.29 -0.0860825
-2826.46 6249.48 -0.0909979
-3033.54 6151.72 -0.0958737
-3237.25 6047.1 -0.100702
-3437.35 5935.76 -0.105476
-3633.63 5817.81 -0.110188
-3825.87 5693.39 -0.11483
-4013.84 5562.63 -0.119394
-4197.35 5425.67 -0.123872
-4376.19 5282.69 -0.128255
-4550.16 5133.82 -0.132537
-4719.07 4979.24 -0.136709
-4882.73 4819.12 -0.140764
-5040.95 4653.64 -0.144692
-5193.57 4482.98 -0.148488
-5340.41 4307.34 -0.152143
-5481.31 4126.9 -0.15565
-5616.12 3941.88 -0.159002
-5744.68 3752.47 -0.162193
-5866.85 3558.89 -0.165215
-5982.5 3361.36 -0.168064
-6091.5 3160.09 -0.170733
-6193.73 2955.3 -0.173216
-6289.08 2747.23 -0.17551
-6377.43 2536.11 -0.177608
-6458.71 2322.17 -0.179508
-6532.8 2105.65 -0.181205
-6599.64 1886.79 -0.182696
-6659.15 1665.83 -0.183979
-6711.26 1443.03 -0.185051
-6755.92 1218.62 -0.185909
-6793.08 992.858 -0.186553
-6822.7 765.995 -0.186982
-6844.75 538.281 -0.187195
-6859.2 309.97 -0.187191
-6866.03 81.3148 -0.186972
-6865.25 -147.431 -0.186537
-6856.86 -376.013 -0.185888
-6840.85 -604.178 -0.185027
-6817.27 -831.673 -0.183954
-6786.12 -1058.25 -0.182672
-6747.44 -1283.65 -0.181184
-6701.29 -1507.62 -0.179491
-6647.71 -1729.93 -0.177598
-6586.76 -1950.32 -0.175507
-6518.51 -2168.54 -0.173221
-6443.04 -2384.37 -0.170744
-6360.44 -2597.55 -0.16808
-6270.78 -2807.86 -0.165233
-6174.19 -3015.05 -0.162205
-6070.75 -3218.91 -0.159003
-5960.59 -3419.21 -0.155629
-5843.84 -3615.72 -0.152087
-5720.62 -3808.22 -0.148383
-5591.06 -3996.51 -0.144519
-5455.32 -4180.38 -0.140501
-5313.54 -4359.63 -0.136333
-5165.89 -4534.05 -0.132018
-5012.51 -4703.45 -0.127562
-4853.6 -4867.66 -0.122967
-4689.32 -5026.48 -0.118239
-4519.85 -5179.74 -0.113382
-4345.38 -5327.27 -0.108398
-4166.11 -5468.92 -0.103294
-3982.24 -5604.51 -0.0980724
-3793.96 -5733.92 -0.0927376
-3601.49 -5856.99 -0.0872937
-3405.04 -5973.58 -0.0817449
-3204.83 -6083.57 -0.0760952
-3001.07 -6186.85 -0.0703489
-2794.01 -6283.28 -0.0645102
-2583.85 -6372.78 -0.0585835
-2370.84 -6455.23 -0.0525733
-2155.21 -6530.56 -0.0464841
-1937.2 -6598.67 -0.0403206
-1717.05 -6659.5 -0.0340878
-1495.01 -6712.97 -0.0277907
-1271.31 -6759.03 -0.0214345
-1046.22 -6797.62 -0.0150248
-819.961 -6828.71 -0.00856719
-592.802 -6852.27 -0.00206774
-364.988 -6868.25 0.00446734
-136.771 -6876.65 0.0110315
91.5973 -6877.46 0.017618
319.864 -6870.68 0.0242197
547.778 -6856.32 0.0308291
775.087 -6834.38 0.0374385
1001.54 -6804.9 0.0440399
1226.89 -6767.91 0.0506249
1450.88 -6723.45 0.0571848
1673.27 -6671.56 0.0637106
1893.82 -6612.32 0.070193
2112.27 -6545.77 0.0766225
2328.39 -6471.99 0.0829891
2541.95 -6391.08 0.0892828
2752.69 -6303.1 0.0954933
2960.4 -6208.17 0.10161
3164.84 -6106.38 0.107622
3365.78 -5997.85 0.113519
3563.01 -5882.7 0.119289
3756.3 -5761.06 0.124922
3945.45 -5633.05 0.130406
4130.24 -5498.82 0.13573
4310.47 -5358.52 0.140883
4485.93 -5212.3 0.145855
4656.44 -5060.32 0.150633
4821.81 -4902.76 0.155208
4981.86 -4739.77 0.159568
5136.39 -4571.55 0.163704
5285.26 -4398.29 0.167605
5428.28 -4220.16 0.171262
5565.3 -4037.36 0.174665
5696.18 -3850.11 0.177805
5820.76 -3658.6 0.180674
5938.9 -3463.04 0.183265
6050.48 -3263.66 0.185569
6155.37 -3060.67 0.18758
6253.45 -2854.29 0.189292
6344.61 -2644.76 0.190699
6428.76 -2432.3 0.191796
6505.8 -2217.15 0.192581
6575.64 -1999.55 0.193048
6638.21 -1779.74 0.193196
6693.43 -1557.96 0.193022
6741.24 -1334.45 0.192526
6781.59 -1109.47 0.191708
6814.43 -883.256 0.190568
6839.73 -656.067 0.189107
6857.45 -428.151 0.187328
6867.58 -199.761 0.185233
6870.11 28.8504 0.182828
6865.02 257.43 0.180115
6852.33 485.724 0.1771
6832.04 713.48 0.17379
6804.19 940.445 0.17019
6768.79 1166.37 0.166309
6725.89 1391 0.162155
6675.53 1614.09 0.157736
6617.77 1835.38 0.153061
6552.67 2054.65 0.14814
6480.3 2271.63 0.142984
6400.74 2486.09 0.137602
6314.08 2697.8 0.132007
6220.42 2906.51 0.126209
6119.85 3112 0.12022
6012.49 3314.03 0.114052
5898.45 3512.38 0.107717
5777.87 3706.84 0.101227
5650.87 3897.17 0.0945945
5517.59 4083.18 0.0878322
5378.19 4264.66 0.0809523
5232.81 4441.4 0.0739669
5081.61 4613.2 0.0668884
4924.77 4779.88 0.0597287
4762.46 4941.24 0.0524997
4594.86 5097.12 0.0452131
4422.15 5247.32 0.0378803
4244.52 5391.7 0.0305123
4062.17 5530.08 0.02312
3875.31 5662.31 0.0157136
3684.13 5788.25 0.00830341
3488.86 5907.75 0.000898925
3289.71 6020.68 -0.00649056
3086.9 6126.91 -0.0138562
2880.65 6226.32 -0.0211896
2671.2 6318.81 -0.0284828
2458.78 6404.27 -0.0357283
2243.62 6482.6 -0.0429189
2025.97 6553.72 -0.050048
1806.06 6617.54 -0.0571093
1584.14 6674 -0.0640969
1360.46 6723.03 -0.0710055
1135.26 6764.58 -0.0778299
908.804 6798.6 -0.0845654
681.332 6825.05 -0.0912076
453.102 6843.9 -0.0977523
224.367 6855.14 -0.104196
-4.61699 6858.74 -0.110535
-233.596 6854.7 -0.116765
-462.315 6843.04 -0.122885
-690.519 6823.75 -0.12889
-917.954 6796.87 -0.134779
-1144.37 6762.42 -0.140547
-1369.5 6720.44 -0.146193
-1593.12 6670.98 -0.151715
-1814.96 6614.09 -0.157109
-2034.78 6549.83 -0.162372
-2252.33 6478.28 -0.167504
-2467.37 6399.52 -0.172499
-2679.67 6313.64 -0.177357
-2888.99 6220.73 -0.182074
-3095.09 6120.89 -0.186648
-3297.74 6014.24 -0.191074
-3496.72 5900.89 -0.195351
-3691.81 5780.98 -0.199474
-3882.79 5654.63 -0.203441
-4069.45 5521.98 -0.207248
-4251.58 5383.2 -0.21089
-4428.97 5238.42 -0.214365
-4601.44 5087.81 -0.217668
-4768.79 4931.54 -0.220795
-4930.84 4769.78 -0.223742
-5087.39 4602.72 -0.226504
-5238.29 4430.54 -0.229077
-5383.36 4253.43 -0.231456
-5522.45 4071.59 -0.233638
-5655.39 3885.22 -0.235617
-5782.04 3694.53 -0.237388
-5902.27 3499.73 -0.238948
-6015.93 3301.04 -0.240292
-6122.9 3098.69 -0.241416
-6223.07 2892.88 -0.242314
-6316.33 2683.87 -0.242984
-6402.56 2471.87 -0.243422
-6481.68 2257.12 -0.243622
-6553.6 2039.87 -0.243583
-6618.24 1820.35 -0.243301
-6675.53 1598.8 -0.242773
-6725.4 1375.49 -0.241997
-6767.81 1150.64 -0.24097
-6802.7 924.519 -0.239691
-6830.04 697.37 -0.238158
-6849.8 469.447 -0.23637
-6861.95 241.003 -0.234327
-6866.5 12.2913 -0.232028
-6863.42 -216.434 -0.229474
-6852.73 -444.92 -0.226667
-6834.44 -672.911 -0.223606
-6808.57 -900.157 -0.220294
-6775.15 -1126.4 -0.216733
-6734.21 -1351.4 -0.212927
-6685.81 -1574.9 -0.208878
-6630.01 -1796.66 -0.20459
-6566.85 -2016.42 -0.200068
-6496.42 -2233.95 -0.195316
-6418.79 -2449.01 -0.190339
-6334.04 -2661.35 -0.185143
-6242.29 -2870.75 -0.179735
-6143.62 -3076.96 -0.17412
-6038.14 -3279.77 -0.168305
-5925.98 -3478.95 -0.162297
-5807.27 -3674.27 -0.156104
-5682.12 -3865.53 -0.149734
-5550.68 -4052.51 -0.143194
-5413.11 -4235.01 -0.136493
-5269.54 -4412.82 -0.129639
-5120.14 -4585.75 -0.122641
-4965.08 -4753.6 -0.115507
-4804.53 -4916.2 -0.108247
-4638.67 -5073.37 -0.10087
-4467.67 -5224.92 -0.0933833
-4291.74 -5370.69 -0.0857976
-4111.06 -5510.53 -0.0781214
-3925.84 -5644.28 -0.0703637
-3736.27 -5771.79 -0.0625335
-3542.58 -5892.92 -0.0546398
-3344.98 -6007.53 -0.0466913
-3143.67 -6115.51 -0.0386967
-2938.9 -6216.74 -0.0306648
-2730.88 -6311.09 -0.0226039
-2519.84 -6398.47 -0.0145223
-2306.02 -6478.79 -0.00642822
-2089.65 -6551.95 0.00167036
-1870.97 -6617.87 0.00976559
-1650.23 -6676.49 0.0178498
-1427.66 -6727.73 0.0259156
-1203.52 -6771.55 0.0339555
-978.047 -6807.88 0.0419624
-751.497 -6836.71 0.0499292
-524.116 -6857.98 0.0578492
-296.157 -6871.68 0.0657155
-67.8714 -6877.8 0.0735215
160.489 -6876.32 0.0812607
388.673 -6867.25 0.0889266
616.428 -6850.6 0.0965129
843.502 -6826.39 0.104013
1069.64 -6794.65 0.111422
1294.61 -6755.4 0.118731
1518.14 -6708.7 0.125937
1740 -6654.59 0.133031
1959.94 -6593.14 0.140008
2177.71 -6524.41 0.146861
2393.08 -6448.48 0.153585
2605.81 -6365.43 0.160172
2815.66 -6275.35 0.166616
3022.4 -6178.34 0.172911
3225.81 -6074.52 0.179049
3425.65 -5963.98 0.185024
3621.71 -5846.87 0.190828
3813.78 -5723.29 0.196455
4001.63 -5593.4 0.201897
4185.06 -5457.33 0.207147
4363.88 -5315.24 0.212197
4537.87 -5167.27 0.217039
4706.85 -5013.6 0.221666
4870.63 -4854.39 0.22607
5029.03 -4689.81 0.230243
5181.88 -4520.06 0.234177
5329 -4345.31 0.237864
5470.23 -4165.76 0.241296
5605.42 -3981.61 0.244464
5734.41 -3793.06 0.247361
5857.07 -3600.31 0.249979
5973.25 -3403.59 0.25231
6082.83 -3203.1 0.254346
6185.68 -2999.07 0.25608
6281.69 -2791.73 0.257504
6370.76 -2581.29 0.258611
6452.78 -2368.01 0.259395
6527.66 -2152.1 0.259849
6595.32 -1933.82 0.259968
6655.69 -1713.39 0.259744
6708.68 -1491.07 0.259174
6754.26 -1267.09 0.258253
6792.36 -1041.72 0.256976
6822.94 -815.191 0.25534
6845.96 -587.76 0.253342
6861.41 -359.679 0.250979
6869.25 -131.199 0.248251
6869.49 97.4259 0.245155
6862.12 325.943 0.241693
6847.15 554.099 0.237864
6824.59 781.641 0.233669
6794.46 1008.32 0.229112
6756.81 1233.87 0.224194
6711.66 1458.06 0.218921
6659.07 1680.64 0.213296
6599.1 1901.35 0.207324
6531.81 2119.95 0.201013
6457.28 2336.2 0.194369
6375.58 2549.86 0.187401
6286.81 2760.68 0.180116
6191.06 2968.45 0.172526
6088.44 3172.92 0.164639
5979.07 3373.87 0.156467
5863.05 3571.07 0.148023
5740.53 3764.31 0.139317
5611.63 3953.37 0.130364
5476.5 4138.04 0.121178
5335.29 4318.11 0.111771
5188.15 4493.39 0.10216
5035.24 4663.67 0.0923599
4876.74 4828.77 0.0823857
4712.82 4988.51 0.0722539
4543.67 5142.7 0.0619807
4369.46 5291.17 0.0515828
4190.4 5433.77 0.0410771
4006.67 5570.32 0.0304805
3818.5 5700.68 0.0198101
3626.07 5824.69 0.00908297
3429.61 5942.24 -0.00168377
3229.34 6053.17 -0.0124731
3025.48 6157.37 -0.0232682
2818.25 6254.71 -0.0340524
2607.88 6345.1 -0.0448092
2394.61 6428.43 -0.0555225
2178.68 6504.61 -0.0661763
1960.32 6573.55 -0.0767553
1739.79 6635.17 -0.0872444
1517.31 6689.41 -0.0976289
1293.15 6736.2 -0.107895
1067.54 6775.5 -0.118028
840.751 6807.25 -0.128017
613.023 6831.43 -0.137847
384.613 6847.99 -0.147507
155.774 6856.94 -0.156987
-73.2385 6858.25 -0.166274
-302.169 6851.92 -0.17536
-530.764 6837.97 -0.184234
-758.767 6816.4 -0.192887
-985.926 6787.24 -0.201312
-1211.99 6750.53 -0.2095
-1436.7 6706.3 -0.217445
-1659.81 6654.6 -0.22514
-1881.07 6595.49 -0.23258
-2100.24 6529.04 -0.239758
-2317.07 6455.31 -0.246669
-2531.32 6374.4 -0.253311
-2742.75 6286.39 -0.259678
-2951.13 6191.39 -0.265767
-3156.22 6089.49 -0.271575
-3357.8 5980.81 -0.2771
-3555.64 5865.47 -0.282339
-3749.52 5743.61 -0.287291
-3939.23 5615.35 -0.291953
-4124.56 5480.84 -0.296324
-4305.29 5340.23 -0.300404
-4481.23 5193.67 -0.304191
-4652.18 5041.34 -0.307684
-4817.96 4883.4 -0.310883
-4978.38 4720.02 -0.313787
-5133.26 4551.4 -0.316396
-5282.42 4377.71 -0.31871
-5425.71 4199.15 -0.320729
-5562.97 4015.92 -0.322451
-5694.04 3828.22 -0.323878
-5818.77 3636.26 -0.325009
-5937.04 3440.27 -0.325844
-6048.7 3240.45 -0.326382
-6153.64 3037.02 -0.326624
-6251.74 2830.22 -0.32657
-6342.9 2620.28 -0.32622
-6427 2407.42 -0.325573
-6503.96 2191.89 -0.324629
-6573.69 1973.92 -0.323389
-6636.13 1753.76 -0.321852
-6691.19 1531.65 -0.320019
-6738.82 1307.84 -0.31789
-6778.97 1082.58 -0.315465
-6811.59 856.118 -0.312744
-6836.65 628.705 -0.309728
-6854.12 400.593 -0.306418
-6863.98 172.037 -0.302814
-6866.22 -56.7096 -0.298917
-6860.85 -285.394 -0.294729
-6847.87 -513.761 -0.290252
-6827.29 -741.558 -0.285486
-6799.14 -968.534 -0.280435
-6763.45 -1194.43 -0.2751
-6720.26 -1419.01 -0.269484
-6669.62 -1642.02 -0.263592
-6611.59 -1863.2 -0.257425
-6546.23 -2082.32 -0.250987
-6473.62 -2299.13 -0.244285
-6393.83 -2513.39 -0.237321
-6306.96 -2724.88 -0.230101
-6213.11 -2933.34 -0.222632
-6112.38 -3138.55 -0.214918
-6004.87 -3340.29 -0.206967
-5890.72 -3538.33 -0.198785
-5770.05 -3732.45 -0.190381
-5642.99 -3922.45 -0.181762
-5509.69 -4108.1 -0.172936
-5370.28 -4289.2 -0.163913
-5224.94 -4465.56 -0.154702
-5073.82 -4636.98 -0.145311
-4917.08 -4803.27 -0.135753
-4754.91 -4964.25 -0.126036
-4587.48 -5119.74 -0.116172
-4414.97 -5269.57 -0.106172
-4237.59 -5413.57 -0.0960476
-4055.52 -5551.59 -0.0858103
-3868.96 -5683.47 -0.0754721
-3678.13 -5809.07 -0.0650453
-3483.24 -5928.25 -0.0545423
-3284.5 -6040.88 -0.0439755
-3082.12 -6146.83 -0.0333577
-2876.35 -6246 -0.0227016
-2667.39 -6338.26 -0.0120199
-2455.49 -6423.52 -0.00132554
-2240.87 -6501.69 0.00936883
-2023.78 -6572.67 0.0200504
-1804.46 -6636.4 0.0307067
-1583.14 -6692.8 0.041325
-1360.08 -6741.81 0.051893
-1135.51 -6783.37 0.0623986
-909.689 -6817.45 0.0728298
-682.864 -6843.99 0.0831747
-455.285 -6862.99 0.0934219
-227.204 -6874.4 0.10356
1.12894 -6878.23 0.113578
229.46 -6874.46 0.123466
457.538 -6863.11 0.133213
685.111 -6844.18 0.142809
911.928 -6817.7 0.152245
1137.74 -6783.69 0.161511
1362.29 -6742.19 0.170598
1585.34 -6693.25 0.179498
1806.64 -6636.92 0.188202
2025.95 -6573.27 0.196703
2243.02 -6502.36 0.204993
2457.62 -6424.28 0.213064
2669.5 -6339.1 0.22091
2878.43 -6246.93 0.228525
3084.19 -6147.86 0.235901
3286.54 -6042 0.243033
3485.27 -5929.47 0.249915
3680.14 -5810.4 0.256542
3870.96 -5684.91 0.262908
4057.5 -5553.15 0.269008
4239.56 -5415.25 0.274838
4416.93 -5271.37 0.280392
4589.43 -5121.67 0.285665
4756.86 -4966.32 0.290655
4919.04 -4805.48 0.295355
5075.79 -4639.33 0.299762
5226.92 -4468.06 0.303872
5372.28 -4291.85 0.30768
5511.71 -4110.9 0.311183
5645.05 -3925.4 0.314377
5772.14 -3735.57 0.317257
5892.86 -3541.61 0.319819
6007.07 -3343.74 0.32206
6114.63 -3142.17 0.323976
6215.44 -2937.12 0.325563
6309.37 -2728.83 0.326816
6396.32 -2517.52 0.327733
6476.2 -2303.42 0.328309
6548.92 -2086.78 0.328541
6614.39 -1867.83 0.328425
6672.55 -1646.82 0.327957
6723.32 -1423.98 0.327133
6766.65 -1199.56 0.325952
6802.5 -973.819 0.324408
6830.81 -746.999 0.3225
6851.56 -519.351 0.320223
6864.72 -291.129 0.317577
6870.28 -62.584 0.314557
6868.23 166.03 0.311163
6858.58 394.461 0.307392
6841.32 622.454 0.303243
6816.49 849.757 0.298716
6784.1 1076.12 0.293808
6744.19 1301.29 0.288521
6696.8 1525.01 0.282855
6642 1747.05 0.27681
6579.82 1967.15 0.270389
6510.35 2185.07 0.263593
6433.66 2400.56 0.256425
6349.83 2613.39 0.248888
6258.95 2823.32 0.240987
6161.13 3030.12 0.232727
6056.47 3233.55 0.224112
5945.09 3433.4 0.21515
5827.11 3629.43 0.205847
5702.66 3821.43 0.196211
5571.88 4009.2 0.186251
5434.91 4192.5 0.175977
5291.9 4371.16 0.165398
5143.02 4544.95 0.154525
4988.42 4713.7 0.143371
4828.27 4877.21 0.131948
4662.77 5035.29 0.120269
4492.08 5187.79 0.108349
4316.39 5334.51 0.0962016
4135.91 5475.31 0.0838429
3950.83 5610.01 0.0712889
3761.36 5738.48 0.0585563
3567.7 5860.57 0.0456625
3370.08 5976.14 0.0326253
3168.71 6085.07 0.019463
2963.81 6187.22 0.00619445
2755.61 6282.49 -0.0071612
2544.35 6370.78 -0.0205845
2330.26 6451.97 -0.0340555
2113.58 6525.98 -0.0475544
1894.54 6592.74 -0.061061
1673.4 6652.15 -0.0745548
1450.39 6704.16 -0.0880157
1225.77 6748.71 -0.101423
999.782 6785.75 -0.114757
772.682 6815.23 -0.127998
544.722 6837.12 -0.141125
316.156 6851.41 -0.154119
87.2377 6858.06 -0.16696
-141.778 6857.09 -0.17963
-370.636 6848.47 -0.192109
-599.081 6832.23 -0.204381
-826.859 6808.38 -0.216427
-1053.72 6776.96 -0.22823
-1279.4 6737.98 -0.239774
-1503.66 6691.5 -0.251044
-1726.25 6637.57 -0.262023
-1946.91 6576.25 -0.272698
-2165.41 6507.61 -0.283055
-2381.49 6431.72 -0.293081
-2594.92 6348.67 -0.302765
-2805.47 6258.55 -0.312093
-3012.89 6161.47 -0.321058
-3216.95 6057.52 -0.329647
-3417.44 5946.83 -0.337854
-3614.12 5829.51 -0.345668
-3806.78 5705.71 -0.353085
-3995.19 5575.56 -0.360095
-4179.17 5439.2 -0.366695
-4358.48 5296.78 -0.372879
-4532.95 5148.47 -0.378643
-4702.38 4994.43 -0.383983
-4866.57 4834.84 -0.388897
-5025.34 4669.86 -0.393382
-5178.53 4499.69 -0.397438
-5325.95 4324.51 -0.401062
-5467.45 4144.52 -0.404256
-5602.86 3959.92 -0.40702
-5732.05 3770.91 -0.409353
-5854.86 3577.72 -0.411258
-5971.16 3380.54 -0.412736
-6080.81 3179.6 -0.41379
-6183.71 2975.13 -0.414422
-6279.74 2767.36 -0.414635
-6368.78 2556.5 -0.414432
-6450.75 2342.81 -0.413817
-6525.55 2126.51 -0.412793
-6593.09 1907.85 -0.411364
-6653.32 1687.07 -0.409536
-6706.15 1464.42 -0.407311
-6751.53 1240.14 -0.404695
-6789.42 1014.48 -0.401693
-6819.76 787.702 -0.398308
-6842.54 560.044 -0.394547
-6857.72 331.766 -0.390413
-6865.29 103.119 -0.385913
-6865.24 -125.642 -0.381051
-6857.57 -354.263 -0.375833
-6842.3 -582.492 -0.370264
-6819.43 -810.074 -0.364349
-6789.01 -1036.76 -0.358095
-6751.05 -1262.29 -0.351505
-6705.61 -1486.43 -0.344587
-6652.73 -1708.91 -0.337347
-6592.48 -1929.5 -0.329789
-6524.93 -2147.96 -0.32192
-6450.14 -2364.03 -0.313746
-6368.21 -2577.49 -0.305275
-6279.22 -2788.08 -0.296511
-6183.28 -2995.59 -0.287463
-6080.49 -3199.79 -0.278136
-5970.97 -3400.44 -0.268539
-5854.83 -3597.32 -0.258679
-5732.22 -3790.23 -0.248563
-5603.26 -3978.93 -0.238199
-5468.1 -4163.24 -0.227597
-5326.89 -4342.94 -0.216764
-5179.78 -4517.83 -0.205709
-5026.95 -4687.72 -0.194443
-4868.55 -4852.43 -0.182974
-4704.77 -5011.78 -0.171312
-4535.79 -5165.58 -0.159468
-4361.79 -5313.66 -0.147453
-4182.96 -5455.88 -0.135278
-3999.52 -5592.06 -0.122954
-3811.65 -5722.06 -0.110493
-3619.57 -5845.74 -0.0979077
-3423.49 -5962.96 -0.0852102
-3223.63 -6073.59 -0.0724136
-3020.21 -6177.51 -0.0595311
-2813.45 -6274.6 -0.0465762
-2603.58 -6364.76 -0.0335627
-2390.83 -6447.89 -0.0205047
-2175.44 -6523.9 -0.00741643
-1957.66 -6592.7 0.0056875
-1737.7 -6654.23 0.0187924
-1515.83 -6708.4 0.0318834
-1292.29 -6755.17 0.0449456
-1067.32 -6794.48 0.0579638
-841.171 -6826.29 0.0709229
-614.094 -6850.56 0.0838078
-386.338 -6867.27 0.0966034
-158.156 -6876.39 0.109294
70.2015 -6877.93 0.121866
298.481 -6871.88 0.134303
526.431 -6858.24 0.146592
753.8 -6837.03 0.158716
980.337 -6808.27 0.170663
1205.79 -6772 0.182418
1429.92 -6728.25 0.193968
1652.46 -6677.08 0.205298
1873.19 -6618.54 0.216397
2091.84 -6552.69 0.227251
2308.19 -6479.61 0.237848
2521.98 -6399.38 0.248177
2733 -6312.08 0.258225
2941 -6217.82 0.267983
3145.75 -6116.7 0.27744
3347.03 -6008.82 0.286585
3544.61 -5894.31 0.295411
3738.28 -5773.29 0.303907
3927.83 -5645.89 0.312066
4113.03 -5512.27 0.319879
4293.7 -5372.56 0.32734
4469.62 -5226.91 0.334443
4640.61 -5075.49 0.34118
4806.47 -4918.47 0.347546
4967.03 -4756.02 0.353536
5122.1 -4588.31 0.359146
5271.51 -4415.53 0.364371
5415.1 -4237.88 0.369207
5552.7 -4055.54 0.373652
5684.17 -3868.73 0.377702
5809.36 -3677.63 0.381356
5928.13 -3482.48 0.38461
6040.34 -3283.47 0.387464
6145.88 -3080.84 0.389916
6244.62 -2874.8 0.391964
6336.46 -2665.58 0.39361
6421.3 -2453.41 0.39485
6499.03 -2238.53 0.395687
6569.57 -2021.17 0.396119
6632.85 -1801.58 0.396147
6688.79 -1580 0.39577
6737.33 -1356.66 0.394991
6778.41 -1131.83 0.393809
6811.99 -905.743 0.392226
6838.03 -678.654 0.390241
6856.5 -450.813 0.387857
6867.38 -222.473 0.385075
6870.65 6.11265 0.381895
6866.32 234.692 0.378319
6854.38 463.011 0.374349
6834.84 690.818 0.369987
6807.73 917.859 0.365233
6773.08 1143.88 0.36009
6730.92 1368.64 0.35456
6681.3 1591.88 0.348645
6624.28 1813.35 0.342347
6559.9 2032.82 0.335668
6488.26 2250.02 0.328611
6409.41 2464.74 0.321179
6323.46 2676.72 0.313375
6230.49 2885.73 0.305202
6130.61 3091.53 0.296665
6023.92 3293.91 0.287766
5910.55 3492.63 0.27851
5790.61 3687.47 0.268902
5664.25 3878.22 0.258946
5531.6 4064.67 0.248649
5392.8 4246.59 0.238017
5248.02 4423.81 0.227055
5097.4 4596.1 0.215771
4941.12 4763.29 0.204172
4779.35 4925.19 0.192267
4612.27 5081.62 0.180063
4440.07 5232.4 0.167572
4262.92 5377.36 0.154801
4081.04 5516.34 0.141763
3894.63 5649.19 0.128468
3703.88 5775.76 0.114928
3509.01 5895.91 0.101156
3310.24 6009.49 0.0871647
3107.79 6116.4 0.0729689
2901.88 6216.5 0.0585828
2692.74 6309.68 0.0440219
2480.61 6395.85 0.0293021
2265.72 6474.9 0.0144399
2048.3 6546.74 -0.000547303
1828.61 6611.3 -0.0156418
1606.88 6668.5 -0.0308251
1383.36 6718.28 -0.0460784
1158.31 6760.58 -0.0613822
931.962 6795.35 -0.0767167
704.578 6822.56 -0.0920617
476.41 6842.18 -0.107396
247.712 6854.17 -0.1227
18.7375 6858.54 -0.137951
-210.258 6855.27 -0.153128
-439.019 6844.37 -0.16821
-667.291 6825.84 -0.183175
-894.82 6799.72 -0.198001
-1121.35 6766.02 -0.212667
-1346.64 6724.79 -0.22715
-1570.42 6676.08 -0.24143
-1792.46 6619.92 -0.255486
-2012.5 6556.4 -0.269295
-2230.3 6485.58 -0.282839
-2445.61 6407.53 -0.296096
-2658.21 6322.35 -0.309046
-2867.84 6230.13 -0.321671
-3074.28 6130.97 -0.333952
-3277.3 6024.99 -0.34587
-3476.67 5912.29 -0.357409
-3672.17 5793.02 -0.368551
-3863.58 5667.3 -0.379281
-4050.69 5535.26 -0.389583
-4233.29 5397.07 -0.399443
-4411.17 5252.87 -0.408849
-4584.15 5102.82 -0.417786
-4752.03 4947.09 -0.426244
-4914.62 4785.86 -0.434211
-5071.74 4619.3 -0.441679
-5223.21 4447.6 -0.448638
-5368.88 4270.95 -0.45508
-5508.57 4089.55 -0.460999
-5642.14 3903.6 -0.466389
-5769.42 3713.31 -0.471245
-5890.3 3518.89 -0.475563
-6004.62 3320.56 -0.47934
-6112.26 3118.53 -0.482574
-6213.11 2913.04 -0.485264
-6307.05 2704.31 -0.48741
-6393.98 2492.57 -0.489011
-6473.81 2278.06 -0.490071
-6546.44 2061.02 -0.49059
-6611.79 1841.69 -0.490572
-6669.8 1620.32 -0.490021
-6720.4 1397.14 -0.488941
-6763.54 1172.41 -0.487338
-6799.16 946.384 -0.485216
-6827.24 719.304 -0.482582
-6847.73 491.426 -0.479444
-6860.62 263.002 -0.475808
-6865.9 34.286 -0.471682
-6863.56 -194.468 -0.467074
-6853.6 -423.005 -0.461993
-6836.04 -651.074 -0.456448
-6810.89 -878.419 -0.450448
-6778.19 -1104.79 -0.444003
-6737.98 -1329.94 -0.437122
-6690.29 -1553.61 -0.429816
-6635.18 -1775.56 -0.422094
-6572.72 -1995.54 -0.413967
-6502.98 -2213.31 -0.405446
-6426.03 -2428.62 -0.39654
-6341.95 -2641.25 -0.387261
-6250.86 -2850.94 -0.37762
-6152.84 -3057.48 -0.367627
-6048 -3260.64 -0.357293
-5936.47 -3460.18 -0.346629
-5818.36 -3655.89 -0.335647
-5693.82 -3847.56 -0.324358
-5562.97 -4034.96 -0.312771
-5425.96 -4217.91 -0.3009
-5282.95 -4396.18 -0.288755
-5134.1 -4569.59 -0.276348
-4979.57 -4737.94 -0.263689
-4819.52 -4901.05 -0.250791
-4654.15 -5058.74 -0.237665
-4483.63 -5210.84 -0.224322
-4308.15 -5357.18 -0.210775
-4127.91 -5497.59 -0.197036
-3943.11 -5631.93 -0.183116
-3753.95 -5760.04 -0.169028
-3560.63 -5881.78 -0.154784
-3363.39 -5997.02 -0.140397
-3162.42 -6105.64 -0.12588
-2957.97 -6207.51 -0.111245
-2750.24 -6302.52 -0.0965053
-2539.48 -6390.57 -0.081675
-2325.91 -6471.57 -0.0667673
-2109.77 -6545.41 -0.051796
-1891.3 -6612.03 -0.0367752
-1670.75 -6671.34 -0.021719
-1448.35 -6723.28 -0.00664205
-1224.34 -6767.81 0.00844113
-998.991 -6804.86 0.0235156
-772.535 -6834.39 0.0385663
-545.226 -6856.38 0.053578
-317.315 -6870.81 0.0685353
-89.0541 -6877.64 0.0834225
139.306 -6876.89 0.098224
367.512 -6868.55 0.112924
595.312 -6852.62 0.127506
822.455 -6829.13 0.141955
1048.69 -6798.1 0.156255
1273.77 -6759.57 0.170389
1497.44 -6713.58 0.184342
1719.46 -6660.18 0.198097
1939.58 -6599.43 0.211639
2157.57 -6531.39 0.224953
2373.17 -6456.14 0.238021
2586.15 -6373.77 0.250831
2796.27 -6284.37 0.263365
3003.31 -6188.02 0.275609
3207.04 -6084.85 0.28755
3407.22 -5974.96 0.299172
3603.65 -5858.47 0.310462
3796.09 -5735.52 0.321406
3984.35 -5606.24 0.331992
4168.2 -5470.76 0.342207
4347.46 -5329.25 0.35204
4521.91 -5181.85 0.361478
4691.37 -5028.72 0.370511
4855.65 -4870.05 0.379129
5014.56 -4706 0.387321
5167.94 -4536.74 0.39508
5315.61 -4362.48 0.402397
5457.41 -4183.4 0.409264
5593.18 -3999.7 0.415674
5722.77 -3811.57 0.42162
5846.03 -3619.24 0.427098
5962.84 -3422.9 0.432102
6073.05 -3222.79 0.436627
6176.55 -3019.11 0.440671
6273.22 -2812.09 0.44423
6362.96 -2601.96 0.447302
6445.66 -2388.96 0.449886
6521.24 -2173.31 0.45198
6589.6 -1955.27 0.453584
6650.67 -1735.05 0.454698
6704.39 -1512.92 0.455324
6750.69 -1289.12 0.455462
6789.51 -1063.89 0.455115
6820.83 -837.479 0.454284
6844.59 -610.144 0.452974
6860.78 -382.133 0.451186
6869.37 -153.699 0.448926
6870.35 74.905 0.446197
6863.73 303.426 0.443004
6849.5 531.611 0.439351
6827.69 759.207 0.435244
6798.31 985.962 0.430688
6761.39 1211.62 0.42569
6716.99 1435.94 0.420254
6665.14 1658.67 0.414387
6605.9 1879.56 0.408096
6539.33 2098.37 0.401387
6465.51 2314.84 0.394267
6384.53 2528.75 0.386741
6296.46 2739.86 0.378818
6201.4 2947.93 0.370505
6099.46 3152.72 0.361807
5990.76 3354.02 0.352733
5875.41 3551.59 0.34329
5753.53 3745.22 0.333485
5625.27 3934.69 0.323326
5490.76 4119.8 0.312819
5350.15 4300.33 0.301973
5203.6 4476.08 0.290795
5051.27 4646.86 0.279294
4893.33 4812.48 0.267476
4729.95 4972.75 0.255351
4561.31 5127.5 0.242926
4387.61 5276.54 0.23021
4209.03 5419.72 0.217212
4025.77 5556.88 0.20394
3838.03 5687.86 0.190404
3646.03 5812.51 0.176613
3449.97 5930.7 0.162577
3250.07 6042.3 0.148306
3046.56 6147.17 0.133811
2839.67 6245.21 0.119101
2629.61 6336.3 0.104189
2416.63 6420.34 0.0890854
2200.95 6497.23 0.073803
1982.83 6566.9 0.0583542
1762.51 6629.25 0.0427518
1540.22 6684.23 0.0270093
1316.21 6731.77 0.0111408
1090.74 6771.82 -0.0048394
864.062 6804.33 -0.0209162
636.418 6829.27 -0.0370741
408.065 6846.6 -0.0532972
179.258 6856.31 -0.0695688
-49.7484 6858.38 -0.085872
-278.699 6852.82 -0.102189
-507.34 6839.63 -0.118503
-735.416 6818.83 -0.134793
-962.673 6790.43 -0.151043
-1188.86 6754.47 -0.167232
-1413.72 6710.99 -0.183341
-1637.01 6660.03 -0.19935
-1858.47 6601.66 -0.215238
-2077.86 6535.94 -0.230985
-2294.95 6462.94 -0.246571
-2509.47 6382.75 -0.261973
-2721.2 6295.44 -0.277172
-2929.9 6201.13 -0.292146
-3135.34 6099.91 -0.306874
-3337.29 5991.9 -0.321335
-3535.52 5877.22 -0.335508
-3729.82 5756 -0.349372
-3919.96 5628.37 -0.362906
-4105.74 5494.47 -0.376091
-4286.95 5354.45 -0.388906
-4463.39 5208.48 -0.401332
-4634.86 5056.71 -0.413349
-4801.17 4899.31 -0.42494
-4962.14 4736.46 -0.436085
-5117.59 4568.33 -0.446768
-5267.34 4395.13 -0.456972
-5411.23 4217.03 -0.466681
-5549.1 4034.24 -0.47588
-5680.8 3846.97 -0.484555
-5806.18 3655.41 -0.492692
-5925.11 3459.79 -0.500278
-6037.44 3260.32 -0.507303
-6143.06 3057.23 -0.513755
-6241.85 2850.73 -0.519626
-6333.7 2641.07 -0.524905
-6418.51 2428.47 -0.529587
-6496.18 2213.17 -0.533664
-6566.64 1995.42 -0.537132
-6629.8 1775.44 -0.539985
-6685.59 1553.49 -0.542221
-6733.96 1329.82 -0.543838
-6774.85 1104.67 -0.544835
-6808.21 878.29 -0.545212
-6834.01 650.937 -0.544969
-6852.22 422.861 -0.54411
-6862.83 194.316 -0.542636
-6865.82 -34.4456 -0.540553
-6861.18 -263.168 -0.537866
-6848.94 -491.599 -0.53458
-6829.09 -719.485 -0.530702
-6801.67 -946.572 -0.52624
-6766.71 -1172.61 -0.521204
-6724.24 -1397.35 -0.515601
-6674.31 -1620.53 -0.509442
-6616.98 -1841.92 -0.502737
-6552.32 -2061.27 -0.495499
-6480.4 -2278.33 -0.487739
-6401.29 -2492.87 -0.47947
-6315.09 -2704.65 -0.470704
-6221.9 -2913.43 -0.461455
-6121.81 -3118.98 -0.451736
-6014.94 -3321.08 -0.441563
-5901.41 -3519.49 -0.43095
-5781.35 -3714.02 -0.419911
-5654.88 -3904.43 -0.408461
-5522.16 -4090.51 -0.396616
-5383.32 -4272.07 -0.384392
-5238.53 -4448.91 -0.371803
-5087.94 -4620.82 -0.358865
-4931.72 -4787.61 -0.345595
-4770.05 -4949.12 -0.332008
-4603.1 -5105.14 -0.31812
-4431.06 -5255.52 -0.303947
-4254.12 -5400.09 -0.289504
-4072.48 -5538.69 -0.274808
-3886.33 -5671.17 -0.259874
-3695.89 -5797.38 -0.244717
-3501.37 -5917.18 -0.229355
-3302.97 -6030.43 -0.213802
-3100.93 -6137.03 -0.198073
-2895.45 -6236.85 -0.182185
-2686.78 -6329.77 -0.166153
-2475.15 -6415.7 -0.149992
-2260.77 -6494.55 -0.133718
-2043.9 -6566.22 -0.117345
-1824.78 -6630.64 -0.10089
-1603.63 -6687.73 -0.0843667
-1380.72 -6737.44 -0.0677912
-1156.28 -6779.72 -0.0511785
-930.57 -6814.5 -0.0345437
-703.828 -6841.76 -0.017902
-476.309 -6861.47 -0.00126862
-248.265 -6873.61 0.0153412
-19.946 -6878.16 0.0319123
208.395 -6875.11 0.0484294
436.506 -6864.47 0.0648771
664.135 -6846.26 0.0812401
891.031 -6820.49 0.097503
1116.94 -6787.2 0.11365
1341.62 -6746.41 0.129667
1564.82 -6698.18 0.145537
1786.3 -6642.55 0.161245
2005.8 -6579.59 0.176775
2223.08 -6509.37 0.192112
2437.92 -6431.97 0.207241
2650.06 -6347.47 0.222145
2859.28 -6255.96 0.23681
3065.34 -6157.54 0.251219
3268.02 -6052.33 0.265358
3467.09 -5940.44 0.27921
3662.33 -5821.99 0.292762
3853.53 -5697.11 0.305998
4040.48 -5565.94 0.318903
4222.97 -5428.63 0.331462
4400.79 -5285.33 0.343661
4573.76 -5136.19 0.355486
4741.67 -4981.37 0.366923
4904.35 -4821.06 0.377959
5061.61 -4655.42 0.388581
5213.28 -4484.64 0.398775
5359.19 -4308.91 0.408529
5499.19 -4128.42 0.417833
5633.11 -3943.36 0.426673
5760.8 -3753.95 0.435041
5882.13 -3560.39 0.442925
5996.96 -3362.9 0.450315
6105.16 -3161.69 0.457204
6206.61 -2956.98 0.463583
6301.2 -2749.01 0.469443
6388.83 -2538 0.474779
6469.39 -2324.18 0.479583
6542.8 -2107.79 0.483851
6608.97 -1889.07 0.487578
6667.83 -1668.26 0.49076
6719.32 -1445.6 0.493394
6763.37 -1221.35 0.495477
6799.93 -995.742 0.497008
6828.98 -769.034 0.497986
6850.46 -541.474 0.498411
6864.36 -313.316 0.498283
6870.66 -84.8103 0.497605
6869.36 143.789 0.496379
6860.44 372.229 0.494607
6843.93 600.257 0.492294
6819.84 827.62 0.489443
6788.19 1054.07 0.486061
6749.01 1279.34 0.482152
6702.36 1503.2 0.477723
6648.28 1725.4 0.472781
6586.83 1945.68 0.467335
6518.08 2163.8 0.461391
6442.1 2379.53 0.454958
6358.98 2592.61 0.448046
6268.8 2802.82 0.440663
6171.66 3009.92 0.432821
6067.68 3213.68 0.424529
5956.97 3413.88 0.415797
5839.64 3610.28 0.406636
5715.84 3802.68 0.397059
5585.68 3990.86 0.387075
5449.33 4174.6 0.376696
5306.92 4353.71 0.365935
5158.62 4527.99 0.354802
5004.59 4697.23 0.34331
4845 4861.26 0.331471
4680.03 5019.88 0.319296
4509.86 5172.93 0.306798
4334.67 5320.23 0.293989
4154.67 5461.62 0.280881
3970.05 5596.93 0.267486
3781.01 5726.02 0.253817
3587.78 5848.75 0.239884
3390.55 5964.97 0.2257
3189.55 6074.56 0.211278
2985 6177.39 0.196628
2777.13 6273.35 0.181764
2566.18 6362.33 0.166697
2352.37 6444.23 0.151439
2135.94 6518.97 0.136001
1917.13 6586.45 0.120397
1696.2 6646.6 0.104637
1473.37 6699.35 0.0887341
1248.9 6744.65 0.0727005
1023.05 6782.44 0.0565482
796.054 6812.68 0.0402897
568.173 6835.33 0.0239374
339.659 6850.38 0.00750402
110.768 6857.8 -0.00899759
-118.247 6857.59 -0.0255544
-347.13 6849.74 -0.0421531
-575.626 6834.26 -0.0587802
-803.482 6811.18 -0.0754219
-1030.44 6780.51 -0.0920641
-1256.26 6742.29 -0.108693
-1480.67 6696.56 -0.125293
-1703.44 6643.38 -0.141849
-1924.31 6582.79 -0.158347
-2143.03 6514.88 -0.174771
-2359.37 6439.72 -0.191104
-2573.08 6357.38 -0.207331
-2783.93 6267.96 -0.223436
-2991.68 6171.57 -0.2394
-3196.09 6068.3 -0.255207
-3396.95 5958.28 -0.27084
-3594.03 5841.62 -0.28628
-3787.1 5718.46 -0.30151
-3975.96 5588.93 -0.316512
-4160.39 5453.18 -0.331268
-4340.19 5311.36 -0.345758
-4515.16 5163.63 -0.359964
-4685.11 5010.15 -0.373868
-4849.83 4851.09 -0.387451
-5009.17 4686.64 -0.400695
-5162.92 4516.97 -0.413579
-5310.94 4342.27 -0.426087
-5453.04 4162.75 -0.4382
-5589.08 3978.59 -0.449899
-5718.9 3790.01 -0.461167
-5842.36 3597.21 -0.471986
-5959.32 3400.4 -0.482339
-6069.65 3199.82 -0.49221
-6173.24 2995.68 -0.501581
-6269.96 2788.21 -0.510439
-6359.7 2577.64 -0.518766
-6442.38 2364.2 -0.52655
-6517.9 2148.14 -0.533776
-6586.18 1929.68 -0.540431
-6647.14 1709.09 -0.546504
-6700.71 1486.59 -0.551983
-6746.84 1262.44 -0.556858
-6785.47 1036.89 -0.561119
-6816.56 810.19 -0.564757
-6840.09 582.589 -0.567767
-6856.02 354.34 -0.57014
-6864.34 125.698 -0.571872
-6865.04 -103.084 -0.572958
-6858.13 -331.751 -0.573396
-6843.6 -560.051 -0.573183
-6821.47 -787.729 -0.572318
-6791.78 -1014.53 -0.570802
-6754.56 -1240.21 -0.568636
-6709.84 -1464.52 -0.565822
-6657.68 -1687.19 -0.562364
-6598.14 -1908 -0.558267
-6531.29 -2126.7 -0.553536
-6457.2 -2343.03 -0.548178
-6375.95 -2556.77 -0.542201
-6287.63 -2767.68 -0.535614
-6192.35 -2975.52 -0.528426
-6090.21 -3180.06 -0.520649
-5981.32 -3381.08 -0.512294
-5865.81 -3578.36 -0.503373
-5743.8 -3771.67 -0.4939
-5615.43 -3960.81 -0.483888
-5480.85 -4145.57 -0.473354
-5340.2 -4325.73 -0.462311
-5193.64 -4501.11 -0.450777
-5041.33 -4671.5 -0.438768
-4883.45 -4836.73 -0.426301
-4720.16 -4996.61 -0.413393
-4551.65 -5150.96 -0.400063
-4378.11 -5299.61 -0.38633
-4199.73 -5442.4 -0.372211
-4016.7 -5579.18 -0.357726
-3829.24 -5709.78 -0.342895
-3637.54 -5834.08 -0.327737
-3441.81 -5951.92 -0.31227
-3242.29 -6063.19 -0.296516
-3039.18 -6167.75 -0.280493
-2832.72 -6265.51 -0.264222
-2623.12 -6356.33 -0.247722
-2410.63 -6440.14 -0.231012
-2195.47 -6516.83 -0.214113
-1977.89 -6586.32 -0.197043
-1758.12 -6648.54 -0.179823
-1536.42 -6703.42 -0.16247
-1313.01 -6750.89 -0.145005
-1088.16 -6790.91 -0.127446
-862.106 -6823.43 -0.109812
-635.099 -6848.42 -0.0921209
-407.391 -6865.84 -0.0743908
-179.234 -6875.69 -0.0566398
49.1213 -6877.94 -0.0388858
277.422 -6872.6 -0.0211461
505.417 -6859.68 -0.00343798
732.853 -6839.18 0.0142215
959.481 -6811.14 0.0318155
1185.05 -6775.58 0.0493274
1409.31 -6732.54 0.0667409
1632.02 -6682.07 0.0840399
1852.92 -6624.22 0.101208
2071.78 -6559.06 0.11823
2288.35 -6486.66 0.13509
2502.4 -6407.11 0.151773
2713.68 -6320.48 0.168263
2921.97 -6226.87 0.184545
3127.04 -6126.4 0.200605
3328.65 -6019.16 0.216427
3526.59 -5905.27 0.231997
3720.63 -5784.87 0.2473
3910.57 -5658.08 0.262322
4096.19 -5525.04 0.277049
4277.29 -5385.91 0.291467
4453.67 -5240.82 0.305561
4625.13 -5089.96 0.319318
4791.48 -4933.47 0.332724
4952.54 -4771.53 0.345767
5108.13 -4604.32 0.358431
5258.08 -4432.03 0.370706
5402.22 -4254.84 0.382577
5540.4 -4072.95 0.394032
5672.45 -3886.57 0.405058
5798.24 -3695.89 0.415645
5917.62 -3501.12 0.425779
6030.46 -3302.49 0.43545
6136.64 -3100.2 0.444645
6236.03 -2894.49 0.453356
6328.53 -2685.58 0.461571
6414.03 -2473.7 0.46928
6492.45 -2259.09 0.476474
6563.68 -2041.97 0.483144
6627.65 -1822.6 0.489282
6684.3 -1601.21 0.49488
6733.54 -1378.06 0.49993
6775.34 -1153.37 0.504427
6809.65 -927.413 0.508363
6836.41 -700.428 0.511735
6855.62 -472.667 0.514536
6867.23 -244.383 0.516764
6871.24 -15.8278 0.518414
6867.64 212.744 0.519485
6856.43 441.081 0.519975
6837.64 668.929 0.519884
6811.27 896.037 0.51921
6777.35 1122.15 0.517956
6735.92 1347.02 0.516121
6687.03 1570.4 0.51371
6630.72 1792.04 0.510725
6567.07 2011.69 0.50717
6496.13 2229.11 0.50305
6418 2444.06 0.49837
6332.74 2656.3 0.493138
6240.46 2865.59 0.48736
6141.26 3071.71 0.481044
6035.24 3274.41 0.474199
5922.53 3473.48 0.466834
5803.24 3668.7 0.45896
5677.52 3859.85 0.450587
5545.49 4046.71 0.441726
5407.3 4229.07 0.43239
5263.11 4406.74 0.422591
5113.07 4579.52 0.412342
4957.36 4747.21 0.401656
4796.13 4909.63 0.390547
4629.58 5066.59 0.37903
4457.89 5217.92 0.367119
4281.24 5363.46 0.35483
4099.83 5503.03 0.342176
3913.87 5636.49 0.329175
3723.55 5763.68 0.315841
3529.1 5884.46 0.30219
3330.72 5998.7 0.288238
3128.63 6106.27 0.274002
2923.07 6207.04 0.259496
2714.26 6300.92 0.244737
2502.42 6387.78 0.229741
2287.81 6467.54 0.214525
2070.65 6540.1 0.199102
1851.18 6605.39 0.18349
1629.65 6663.32 0.167704
1406.31 6713.84 0.151759
1181.41 6756.89 0.135671
955.188 6792.42 0.119455
727.905 6820.38 0.103125
499.812 6840.76 0.0866956
271.162 6853.52 0.0701823
42.2104 6858.65 0.0535991
-186.788 6856.14 0.0369599
-415.579 6846.01 0.0202787
-643.906 6828.24 0.00356921
-871.517 6802.88 -0.013155
-1098.16 6769.94 -0.0298804
-1323.58 6729.47 -0.0465939
-1547.52 6681.5 -0.0632823
-1769.74 6626.09 -0.0799325
-1989.99 6563.3 -0.0965317
-2208.02 6493.21 -0.113067
-2423.6 6415.88 -0.129525
-2636.48 6331.41 -0.145894
-2846.42 6239.89 -0.162161
-3053.19 6141.42 -0.178312
-3256.56 6036.12 -0.194335
-3456.31 5924.09 -0.210218
-3652.21 5805.47 -0.225946
-3844.04 5680.38 -0.241508
-4031.59 5548.97 -0.25689
-4214.66 5411.39 -0.272079
-4393.03 5267.78 -0.28706
-4566.51 5118.3 -0.301822
-4734.91 4963.13 -0.31635
-4898.04 4802.44 -0.33063
-5055.72 4636.4 -0.344648
-5207.78 4465.2 -0.358391
-5354.03 4289.03 -0.371843
-5494.34 4108.09 -0.384991
-5628.52 3922.58 -0.397821
-5756.45 3732.71 -0.410316
-5877.98 3538.69 -0.422464
-5992.96 3340.73 -0.434249
-6101.28 3139.05 -0.445657
-6202.82 2933.88 -0.456672
-6297.46 2725.45 -0.46728
-6385.1 2514 -0.477466
-6465.64 2299.74 -0.487217
-6539 2082.93 -0.496517
-6605.09 1863.81 -0.505352
-6663.83 1642.61 -0.513708
-6715.18 1419.59 -0.521572
-6759.06 1194.99 -0.528931
-6795.44 969.068 -0.53577
-6824.26 742.066 -0.542079
-6845.51 514.24 -0.547844
-6859.16 285.843 -0.553054
-6865.2 57.1285 -0.557699
-6863.61 -171.65 -0.561767
-6854.4 -400.237 -0.56525
-6837.59 -628.381 -0.568137
-6813.19 -855.827 -0.570422
-6781.24 -1082.32 -0.572097
-6741.76 -1307.62 -0.573154
-6694.8 -1531.47 -0.57359
-6640.42 -1753.62 -0.573398
-6578.67 -1973.82 -0.572575
-6509.63 -2191.83 -0.571119
-6433.38 -2407.42 -0.569027
-6350 -2620.34 -0.566299
-6259.58 -2830.35 -0.562936
-6162.22 -3037.23 -0.558938
-6058.04 -3240.75 -0.554308
-5947.14 -3440.67 -0.549051
-5829.66 -3636.78 -0.543169
-5705.73 -3828.87 -0.536671
-5575.47 -4016.72 -0.529561
-5439.05 -4200.12 -0.521848
-5296.6 -4378.87 -0.513542
-5148.29 -4552.78 -0.504651
-4994.29 -4721.64 -0.495188
-4834.75 -4885.28 -0.485164
-4669.87 -5043.52 -0.474592
-4499.83 -5196.18 -0.463485
-4324.8 -5343.09 -0.45186
-4145 -5484.09 -0.439731
-3960.61 -5619.03 -0.427115
-3771.84 -5747.76 -0.414028
-3578.9 -5870.13 -0.40049
-3382 -5986.01 -0.386517
-3181.37 -6095.28 -0.37213
-2977.22 -6197.81 -0.357348
-2769.78 -6293.49 -0.342192
-2559.28 -6382.21 -0.326681
-2345.96 -6463.89 -0.310837
-2130.04 -6538.42 -0.294681
-1911.77 -6605.73 -0.278235
-1691.39 -6665.75 -0.26152
-1469.14 -6718.4 -0.244559
-1245.26 -6763.63 -0.227374
-1020.02 -6801.4 -0.209987
-793.641 -6831.65 -0.192419
-566.391 -6854.36 -0.174694
-338.516 -6869.5 -0.156833
-110.267 -6877.06 -0.138859
118.104 -6877.02 -0.120792
346.344 -6869.39 -0.102656
574.202 -6854.18 -0.0844705
801.425 -6831.41 -0.0662575
1027.76 -6801.09 -0.0480378
1252.97 -6763.27 -0.0298319
1476.79 -6717.98 -0.0116601
1698.98 -6665.27 0.00645779
1919.3 -6605.21 0.0245022
2137.49 -6537.86 0.0424541
2353.33 -6463.29 0.0602947
2566.57 -6381.59 0.0780056
2776.98 -6292.84 0.0955689
2984.32 -6197.15 0.112967
3188.37 -6094.62 0.130183
3388.89 -5985.36 0.147201
3585.68 -5869.5 0.164003
3778.51 -5747.15 0.180574
3967.17 -5618.46 0.196899
4151.45 -5483.57 0.212962
4331.14 -5342.62 0.228749
4506.05 -5195.77 0.244246
4675.99 -5043.19 0.259438
4840.76 -4885.04 0.274312
5000.19 -4721.49 0.288855
5154.1 -4552.73 0.303053
5302.31 -4378.94 0.316895
5444.67 -4200.32 0.330367
5581.01 -4017.05 0.343458
5711.19 -3829.35 0.356157
5835.06 -3637.41 0.368452
5952.47 -3441.46 0.380331
6063.32 -3241.7 0.391784
6167.46 -3038.36 0.402801
6264.78 -2831.67 0.413372
6355.18 -2621.84 0.423485
6438.55 -2409.11 0.433132
6514.81 -2193.72 0.442304
6583.86 -1975.91 0.450992
6645.63 -1755.9 0.459186
6700.05 -1533.96 0.466878
6747.06 -1310.32 0.474061
6786.6 -1085.23 0.480726
6818.63 -858.939 0.486867
6843.12 -631.697 0.492476
6860.04 -403.756 0.497547
6869.36 -175.369 0.502074
6871.07 53.2134 0.506052
6865.18 281.737 0.509475
6851.69 509.948 0.512338
6830.61 737.594 0.514638
6801.96 964.424 0.516372
6765.77 1190.18 0.517535
6722.09 1414.63 0.518126
6670.96 1637.5 0.518143
6612.44 1858.56 0.517586
6546.59 2077.56 0.516453
6473.48 2294.26 0.514744
6393.19 2508.41 0.512462
6305.81 2719.78 0.509607
6211.44 2928.14 0.506183
6110.17 3133.24 0.502192
6002.13 3334.87 0.497638
5887.43 3532.8 0.492526
5766.19 3726.81 0.486862
5638.56 3916.68 0.480652
5504.66 4102.21 0.473903
5364.66 4283.18 0.466623
5218.69 4459.39 0.458821
5066.93 4630.66 0.450505
4909.55 4796.78 0.441687
4746.71 4957.57 0.432377
4578.59 5112.85 0.422587
4405.39 5262.45 0.412328
4227.3 5406.21 0.401615
4044.5 5543.95 0.390461
3857.21 5675.54 0.378879
3665.63 5800.81 0.366885
3469.98 5919.64 0.354495
3270.47 6031.88 0.341723
3067.32 6137.42 0.328586
2860.76 6236.13 0.315102
2651.02 6327.9 0.301287
2438.33 6412.64 0.287159
2222.93 6490.24 0.272735
2005.05 6560.62 0.258034
1784.95 6623.7 0.243073
1562.86 6679.42 0.227872
1339.03 6727.7 0.212448
1113.7 6768.49 0.19682
887.143 6801.75 0.181007
659.595 6827.44 0.165028
431.313 6845.53 0.1489
202.55 6856 0.132642
-26.4376 6858.83 0.116273
-255.396 6854.04 0.0998105
-484.07 6841.61 0.0832721
-712.205 6821.56 0.0666757
-939.548 6793.92 0.0500385
-1165.84 6758.72 0.0333777
-1390.84 6715.99 0.0167099
-1614.29 6665.78 5.14676e-05
-1835.94 6608.15 -0.0165815
-2055.55 6543.16 -0.0331734
-2272.87 6470.89 -0.0497089
-2487.66 6391.41 -0.0661731
-2699.68 6304.82 -0.0825515
-2908.69 6211.2 -0.0988301
-3114.46 6110.67 -0.114995
-3316.77 6003.34 -0.131033
-3515.38 5889.32 -0.146931
-3710.08 5768.75 -0.162676
-3900.65 5641.75 -0.178256
-4086.88 5508.47 -0.19366
-4268.56 5369.06 -0.208875
-4445.48 5223.68 -0.22389
-4617.46 5072.48 -0.238693
-4784.3 4915.63 -0.253276
-4945.81 4753.32 -0.267625
-5101.82 4585.71 -0.281732
-5252.16 4413 -0.295585
-5396.64 4235.38 -0.309176
-5535.13 4053.05 -0.322493
-5667.45 3866.21 -0.335526
-5793.48 3675.07 -0.348267
-5913.05 3479.84 -0.360706
-6026.05 3280.74 -0.372832
-6132.35 3077.99 -0.384637
-6231.83 2871.82 -0.396109
-6324.39 2662.45 -0.407241
-6409.91 2450.13 -0.418022
-6488.3 2235.08 -0.428443
-6559.48 2017.55 -0.438494
-6623.38 1797.77 -0.448165
-6679.91 1576 -0.457446
-6729.02 1352.48 -0.466329
-6770.66 1127.45 -0.474803
-6804.77 901.177 -0.482858
-6831.33 673.898 -0.490485
-6850.3 445.871 -0.497674
-6861.66 217.349 -0.504416
-6865.41 -11.4144 -0.5107
-6861.53 -240.165 -0.516518
-6850.04 -468.649 -0.521861
-6830.95 -696.613 -0.526718
-6804.28 -923.805 -0.531082
-6770.06 -1149.97 -0.534944
-6728.32 -1374.86 -0.538295
-6679.13 -1598.23 -0.541126
-6622.53 -1819.82 -0.543432
-6558.59 -2039.4 -0.545203
-6487.37 -2256.71 -0.546433
-6408.97 -2471.53 -0.547117
-6323.46 -2683.6 -0.547247
-6230.94 -2892.7 -0.546819
-6131.52 -3098.6 -0.545828
-6025.31 -3301.06 -0.54427
-5912.42 -3499.86 -0.542141
-5792.99 -3694.79 -0.53944
-5667.13 -3885.63 -0.536163
-5535.01 -4072.17 -0.532311
-5396.76 -4254.2 -0.527883
-5252.53 -4431.52 -0.52288
-5102.49 -4603.93 -0.517303
-4946.8 -4771.25 -0.511155
-4785.64 -4933.29 -0.504439
-4619.18 -5089.88 -0.49716
-4447.62 -5240.83 -0.489323
-4271.13 -5385.98 -0.480935
-4089.92 -5525.18 -0.472002
-3904.19 -5658.27 -0.462534
-3714.14 -5785.1 -0.452539
-3519.99 -5905.54 -0.442029
-3321.94 -6019.45 -0.431013
-3120.22 -6126.71 -0.419504
-2915.05 -6227.19 -0.407516
-2706.67 -6320.79 -0.395062
-2495.29 -6407.41 -0.382158
-2281.15 -6486.95 -0.368819
-2064.49 -6559.32 -0.355061
-1845.56 -6624.44 -0.340903
-1624.58 -6682.25 -0.326361
-1401.81 -6732.68 -0.311456
-1177.49 -6775.67 -0.296206
-951.871 -6811.18 -0.280631
-725.201 -6839.16 -0.264752
-497.73 -6859.6 -0.24859
-269.71 -6872.46 -0.232166
-41.3917 -6877.73 -0.215502
186.972 -6875.4 -0.198621
415.129 -6865.49 -0.181545
642.828 -6848 -0.164296
869.817 -6822.95 -0.146897
1095.85 -6790.36 -0.129372
1320.66 -6750.28 -0.111743
1544.02 -6702.75 -0.0940333
1765.68 -6647.82 -0.0762657
1985.39 -6585.56 -0.0584629
2202.9 -6516.02 -0.0406477
2417.99 -6439.29 -0.0228425
2630.4 -6355.45 -0.00506942
2839.91 -6264.6 0.0126497
3046.29 -6166.83 0.0302932
3249.3 -6062.26 0.04784
3448.73 -5950.99 0.0652692
3644.35 -5833.15 0.0825607
3835.94 -5708.88 0.0996945
4023.3 -5578.3 0.116651
4206.22 -5441.56 0.133412
4384.49 -5298.82 0.149959
4557.93 -5150.22 0.166273
4726.33 -4995.94 0.182338
4889.51 -4836.14 0.198137
5047.29 -4671 0.213655
5199.49 -4500.7 0.228874
5345.96 -4325.43 0.243782
5486.52 -4145.38 0.258362
5621.01 -3960.75 0.272601
5749.3 -3771.75 0.286487
5871.24 -3578.58 0.300006
5986.68 -3381.46 0.313147
6095.52 -3180.6 0.325897
6197.61 -2976.22 0.338246
6292.86 -2768.56 0.350183
6381.15 -2557.83 0.361698
6462.38 -2344.28 0.372782
6536.47 -2128.13 0.383425
6603.33 -1909.63 0.393619
6662.89 -1689.02 0.403355
6715.08 -1466.54 0.412627
6759.84 -1242.44 0.421425
6797.12 -1016.96 0.429745
6826.88 -790.363 0.437578
6849.09 -562.887 0.444919
6863.72 -334.788 0.451763
6870.74 -106.318 0.458103
6870.17 122.269 0.463934
6861.98 350.722 0.469252
6846.2 578.786 0.474053
6822.83 806.209 0.478332
6791.91 1032.74 0.482087
6753.46 1258.12 0.485313
6707.53 1482.12 0.488007
6654.17 1704.47 0.490168
6593.43 1924.93 0.491794
6525.39 2143.25 0.492881
6450.1 2359.21 0.49343
6367.67 2572.54 0.493439
6278.18 2783.02 0.492907
6181.72 2990.42 0.491836
6078.4 3194.5 0.490224
5968.35 3395.03 0.488074
5851.67 3591.8 0.485387
5728.49 3784.58 0.482164
5598.96 3973.16 0.478409
5463.21 4157.33 0.474124
5321.4 4336.89 0.469313
5173.67 4511.63 0.463981
5020.21 4681.36 0.458132
4861.16 4845.89 0.451772
4696.72 5005.04 0.444907
4527.06 5158.63 0.437544
4352.37 5306.48 0.429691
4172.84 5448.44 0.421355
3988.68 5584.35 0.412545
3800.08 5714.04 0.403272
3607.26 5837.39 0.393545
3410.43 5954.25 0.383375
3209.8 6064.48 0.372773
3005.61 6167.97 0.361753
2798.07 6264.61 0.350326
2587.42 6354.27 0.338507
2373.9 6436.87 0.326309
2157.73 6512.31 0.313747
1939.17 6580.5 0.300837
1718.44 6641.38 0.287593
1495.81 6694.86 0.274034
1271.51 6740.89 0.260175
1045.79 6779.42 0.246034
818.911 6810.41 0.231628
591.12 6833.82 0.216976
362.671 6849.62 0.202097
133.819 6857.8 0.187007
-95.1822 6858.34 0.171728
-324.077 6851.25 0.156278
-552.612 6836.53 0.140676
-780.531 6814.2 0.124942
-1007.58 6784.28 0.109095
-1233.51 6746.81 0.0931543
-1458.07 6701.83 0.0771403
-1681 6649.39 0.0610719
-1902.06 6589.54 0.0449685
-2121 6522.36 0.0288491
-2337.58 6447.92 0.0127327
-2551.56 6366.29 -0.00336219
-2762.7 6277.58 -0.0194172
-2970.76 6181.88 -0.0354143
-3175.51 6079.3 -0.0513359
-3376.73 5969.95 -0.0671649
-3574.19 5853.95 -0.0828843
-3767.67 5731.43 -0.0984778
-3956.95 5602.54 -0.11393
-4141.83 5467.4 -0.129225
-4322.11 5326.18 -0.144348
-4497.57 5179.04 -0.159285
-4668.02 5026.13 -0.174022
-4833.28 4867.62 -0.188546
-4993.16 4703.7 -0.202845
-5147.48 4534.54 -0.216906
-5296.08 4360.34 -0.230719
-5438.78 4181.29 -0.244271
-5575.43 3997.58 -0.257552
-5705.88 3809.43 -0.270553
-5829.98 3617.04 -0.283265
-5947.6 3420.62 -0.295678
-6058.6 3220.4 -0.307784
-6162.87 3016.6 -0.319575
-6260.28 2809.45 -0.331044
-6350.73 2599.17 -0.342183
-6434.12 2386.01 -0.352986
-6510.36 2170.19 -0.363446
-6579.36 1951.96 -0.373557
-6641.06 1731.56 -0.383314
-6695.37 1509.23 -0.39271
-6742.24 1285.23 -0.401742
-6781.62 1059.8 -0.410403
-6813.47 833.194 -0.418688
-6837.76 605.663 -0.426594
-6854.45 377.458 -0.434115
-6863.52 148.835 -0.441246
-6864.98 -79.9537 -0.447984
-6858.82 -308.654 -0.454324
-6845.05 -537.011 -0.460262
-6823.68 -764.772 -0.465793
-6794.73 -991.685 -0.470914
-6758.25 -1217.5 -0.475619
-6714.28 -1441.96 -0.479906
-6662.85 -1664.82 -0.483769
-6604.04 -1885.84 -0.487205
-6537.9 -2104.76 -0.49021
-6464.52 -2321.35 -0.492778
-6383.97 -2535.37 -0.494908
-6296.34 -2746.58 -0.496593
-6201.74 -2954.75 -0.497831
-6100.27 -3159.64 -0.498618
-5992.03 -3361.03 -0.49895
-5877.16 -3558.7 -0.498823
-5755.79 -3752.42 -0.498235
-5628.03 -3941.99 -0.497181
-5494.05 -4127.2 -0.495659
-5353.98 -4307.84 -0.493667
-5207.99 -4483.71 -0.491201
-5056.23 -4654.61 -0.488261
-4898.88 -4820.37 -0.484843
-4736.1 -4980.79 -0.480948
-4568.09 -5135.7 -0.476574
-4395.02 -5284.93 -0.471721
-4217.09 -5428.31 -0.466389
-4034.5 -5565.69 -0.460579
-3847.45 -5696.92 -0.454292
-3656.14 -5821.85 -0.44753
-3460.79 -5940.34 -0.440297
-3261.61 -6052.26 -0.432595
-3058.83 -6157.5 -0.424428
-2852.67 -6255.92 -0.415801
-2643.35 -6347.44 -0.406721
-2431.12 -6431.94 -0.397192
-2216.19 -6509.33 -0.387223
-1998.82 -6579.54 -0.376821
-1779.24 -6642.47 -0.365995
-1557.7 -6698.07 -0.354755
-1334.43 -6746.26 -0.343111
-1109.69 -6787.01 -0.331075
-883.726 -6820.26 -0.318658
-656.785 -6845.98 -0.305874
-429.118 -6864.14 -0.292736
-200.977 -6874.72 -0.279258
27.386 -6877.7 -0.265457
255.719 -6873.1 -0.251348
483.769 -6860.9 -0.236947
711.285 -6841.13 -0.222272
938.016 -6813.81 -0.207342
1163.71 -6778.97 -0.192174
1388.12 -6736.64 -0.176788
1611 -6686.87 -0.161203
1832.1 -6629.73 -0.14544
2051.18 -6565.26 -0.129518
2267.99 -6493.55 -0.11346
2482.3 -6414.67 -0.0972859
2693.87 -6328.71 -0.0810173
2902.46 -6235.76 -0.064676
3107.86 -6135.93 -0.0482838
3309.82 -6029.32 -0.0318625
3508.12 -5916.06 -0.0154341
3702.55 -5796.27 0.000979485
3892.9 -5670.08 0.0173564
4078.95 -5537.62 0.0336751
4260.49 -5399.06 0.0499138
4437.33 -5254.53 0.0660515
4609.27 -5104.2 0.082067
4776.11 -4948.23 0.0979397
4937.69 -4786.8 0.113649
5093.81 -4620.09 0.129176
5244.3 -4448.27 0.1445
5389 -4271.53 0.159603
5527.75 -4090.08 0.174466
5660.39 -3904.11 0.189072
5786.78 -3713.83 0.203403
5906.77 -3519.44 0.217442
6020.24 -3321.16 0.231174
6127.05 -3119.22 0.244583
6227.1 -2913.83 0.257655
6320.25 -2705.21 0.270376
6406.42 -2493.61 0.282732
6485.51 -2279.25 0.29471
6557.43 -2062.36 0.3063
6622.1 -1843.2 0.317489
6679.44 -1622 0.328267
6729.39 -1399.01 0.338624
6771.9 -1174.47 0.348552
6806.92 -948.625 0.358041
6834.4 -721.735 0.367084
6854.33 -494.045 0.375673
6866.66 -265.809 0.383803
6871.4 -37.2785 0.391467
6868.53 191.293 0.398659
6858.05 419.653 0.405375
6839.98 647.548 0.411611
6814.33 874.727 0.417363
6781.14 1100.94 0.422627
6740.43 1325.93 0.427402
6692.25 1549.45 0.431684
6636.66 1771.25 0.435472
6573.71 1991.09 0.438764
6503.48 2208.72 0.441559
6426.03 2423.91 0.443858
6341.46 2636.41 0.445659
6249.86 2845.98 0.446963
6151.33 3052.4 0.44777
6045.97 3255.43 0.448081
5933.9 3454.85 0.447898
5815.25 3650.43 0.447221
5690.15 3841.97 0.446054
5558.73 4029.24 0.444397
5421.14 4212.04 0.442254
5277.53 4390.16 0.439627
5128.07 4563.41 0.43652
4972.91 4731.59 0.432936
4812.22 4894.52 0.428879
4646.19 5052.01 0.424354
4475 5203.88 0.419364
4298.83 5349.98 0.413915
4117.89 5490.13 0.408012
3932.38 5624.18 0.401662
3742.49 5751.97 0.394869
3548.44 5873.38 0.387641
3350.45 5988.25 0.379985
3148.73 6096.47 0.371908
2943.51 6197.91 0.363419
2735.02 6292.46 0.354525
2523.48 6380 0.345236
2309.14 6460.46 0.33556
2092.23 6533.72 0.325509
1872.99 6599.72 0.315092
1651.67 6658.37 0.30432
1428.52 6709.62 0.293205
1203.77 6753.4 0.281759
977.679 6789.67 0.269994
750.504 6818.38 0.257923
522.493 6839.5 0.245561
293.9 6853.01 0.23292
64.9803 6858.89 0.220015
-164.012 6857.14 0.206862
-392.821 6847.75 0.193476
-621.193 6830.74 0.179873
-848.874 6806.13 0.166069
-1075.61 6773.94 0.152081
-1301.15 6734.21 0.137926
-1525.24 6686.98 0.123621
-1747.63 6632.3 0.109185
-1968.07 6570.25 0.0946346
-2186.33 6500.88 0.0799886
-2402.15 6424.27 0.0652654
-2615.3 6340.5 0.0504834
-2825.53 6249.68 0.0356613
-3032.62 6151.9 0.0208179
-3236.33 6047.27 0.00597163
-3436.44 5935.91 -0.00885866
-3632.72 5817.94 -0.0236544
-3824.96 5693.5 -0.0383973
-4012.95 5562.71 -0.0530689
-4196.46 5425.74 -0.0676512
-4375.3 5282.72 -0.0821265
-4549.28 5133.83 -0.0964773
-4718.19 4979.22 -0.110687
-4881.85 4819.07 -0.124737
-5040.08 4653.56 -0.138614
-5192.7 4482.87 -0.152299
-5339.54 4307.19 -0.165779
-5480.44 4126.72 -0.179039
-5615.24 3941.66 -0.192064
-5743.8 3752.21 -0.204841
-5865.97 3558.59 -0.217356
-5981.61 3361.01 -0.229598
-6090.6 3159.7 -0.241554
-6192.82 2954.87 -0.253214
-6288.15 2746.75 -0.264568
-6376.5 2535.59 -0.275605
-6457.75 2321.6 -0.286316
-6531.82 2105.03 -0.296695
-6598.64 1886.12 -0.306731
-6658.12 1665.12 -0.31642
-6710.21 1442.27 -0.325754
-6754.84 1217.81 -0.334728
-6791.96 992 -0.343336
-6821.54 765.089 -0.351575
-6843.55 537.328 -0.35944
-6857.96 308.971 -0.366929
-6864.75 80.2706 -0.374037
-6863.92 -148.519 -0.380764
-6855.47 -377.144 -0.387107
-6839.41 -605.35 -0.393064
-6815.76 -832.884 -0.398636
-6784.56 -1059.49 -0.40382
-6745.82 -1284.93 -0.408618
-6699.6 -1508.94 -0.413028
-6645.95 -1731.27 -0.417051
-6584.93 -1951.69 -0.420688
-6516.61 -2169.94 -0.423939
-6441.06 -2385.79 -0.426806
-6358.38 -2598.99 -0.429288
-6268.65 -2809.31 -0.431387
-6171.97 -3016.52 -0.433105
-6068.45 -3220.38 -0.434442
-5958.21 -3420.68 -0.435399
-5841.37 -3617.19 -0.435979
-5718.06 -3809.69 -0.436182
-5588.42 -3997.98 -0.436009
-5452.59 -4181.83 -0.435462
-5310.72 -4361.06 -0.434542
-5162.98 -4535.46 -0.43325
-5009.52 -4704.84 -0.431587
-4850.52 -4869.02 -0.429554
-4686.15 -5027.8 -0.427152
-4516.59 -5181.02 -0.424383
-4342.04 -5328.52 -0.421247
-4162.69 -5470.12 -0.417745
-3978.73 -5605.66 -0.413878
-3790.38 -5735.01 -0.409648
-3597.83 -5858.02 -0.405055
-3401.3 -5974.55 -0.400102
-3201.02 -6084.48 -0.394788
-2997.19 -6187.68 -0.389116
-2790.06 -6284.04 -0.383088
-2579.84 -6373.46 -0.376704
-2366.77 -6455.84 -0.369969
-2151.08 -6531.08 -0.362883
-1933.02 -6599.1 -0.355449
-1712.82 -6659.84 -0.347671
-1490.73 -6713.22 -0.339552
-1266.99 -6759.18 -0.331096
-1041.85 -6797.68 -0.322307
-815.564 -6828.67 -0.31319
-588.376 -6852.12 -0.30375
-360.537 -6868 -0.293993
-132.3 -6876.3 -0.283925
96.0826 -6877 -0.273553
324.36 -6870.11 -0.262885
552.279 -6855.64 -0.251928
779.588 -6833.6 -0.240692
1006.04 -6804.01 -0.229185
1231.37 -6766.91 -0.217418
1455.35 -6722.34 -0.205401
1677.73 -6670.35 -0.193146
1898.25 -6610.99 -0.180664
2116.67 -6544.34 -0.167968
2332.76 -6470.46 -0.155072
2546.27 -6389.44 -0.141988
2756.97 -6301.37 -0.128732
2964.63 -6206.34 -0.115318
3169.02 -6104.45 -0.101762
3369.91 -5995.83 -0.0880806
3567.07 -5880.59 -0.0742893
3760.3 -5758.86 -0.0604055
3949.38 -5630.76 -0.0464467
4134.09 -5496.45 -0.0324305
4314.24 -5356.07 -0.0183753
4489.63 -5209.78 -0.00429924
4660.06 -5057.73 0.00977885
4825.34 -4900.1 0.0238401
4985.29 -4737.06 0.0378657
5139.74 -4568.78 0.0518363
5288.51 -4395.46 0.0657329
5431.44 -4217.28 0.0795364
5568.37 -4034.45 0.0932277
5699.14 -3847.15 0.106788
5823.62 -3655.61 0.120198
5941.66 -3460.02 0.13344
6053.14 -3260.62 0.146495
6157.92 -3057.61 0.159346
6255.9 -2851.22 0.171974
6346.97 -2641.67 0.184363
6431.02 -2429.21 0.196496
6507.95 -2214.06 0.208357
6577.69 -1996.47 0.219929
6640.16 -1776.66 0.231199
6695.28 -1554.89 0.242151
6743 -1331.41 0.252772
6783.25 -1106.45 0.263048
6816 -880.26 0.272967
6841.21 -653.1 0.282518
6858.85 -425.218 0.291688
6868.9 -196.866 0.300469
6871.34 31.7042 0.308849
6866.17 260.239 0.316821
6853.4 488.486 0.324377
6833.04 716.192 0.331509
6805.12 943.104 0.33821
6769.65 1168.97 0.344474
6726.69 1393.54 0.350298
6676.27 1616.57 0.355676
6618.46 1837.81 0.360604
6553.3 2057.01 0.36508
6480.89 2273.93 0.369102
6401.28 2488.33 0.372667
6314.59 2699.97 0.375775
6220.88 2908.61 0.378425
6120.28 3114.03 0.380618
6012.89 3315.99 0.382355
5898.83 3514.28 0.383636
5778.22 3708.67 0.384463
5651.2 3898.94 0.384839
5517.91 4084.88 0.384766
5378.49 4266.29 0.384248
5233.1 4442.96 0.383288
5081.9 4614.7 0.381889
4925.06 4781.32 0.380057
4762.75 4942.62 0.377795
4595.15 5098.44 0.375109
4422.44 5248.59 0.372003
4244.82 5392.91 0.368483
4062.48 5531.23 0.364556
3875.63 5663.41 0.360226
3684.47 5789.3 0.3555
3489.21 5908.75 0.350384
3290.07 6021.63 0.344886
3087.28 6127.82 0.339011
2881.06 6227.19 0.332766
2671.63 6319.64 0.32616
2459.22 6405.06 0.3192
2244.09 6483.36 0.311892
2026.46 6554.44 0.304246
1806.57 6618.24 0.296269
1584.67 6674.67 0.287969
1361.01 6723.67 0.279355
1135.84 6765.2 0.270436
909.4 6799.19 0.261221
681.95 6825.62 0.251719
453.74 6844.45 0.24194
225.026 6855.67 0.231894
-3.93897 6859.25 0.22159
-232.9 6855.2 0.21104
-461.601 6843.52 0.200254
-689.788 6824.22 0.189244
-917.208 6797.33 0.178019
-1143.61 6762.87 0.166594
-1368.73 6720.88 0.154979
-1592.33 6671.4 0.143187
-1814.16 6614.5 0.131231
-2033.97 6550.24 0.119123
-2251.52 6478.68 0.106878
-2466.56 6399.91 0.0945093
-2678.85 6314.02 0.0820307
-2888.16 6221.1 0.0694566
-3094.25 6121.25 0.0568018
-3296.9 6014.58 0.0440812
-3495.88 5901.22 0.0313099
-3690.97 5781.3 0.0185036
-3881.95 5654.93 0.0056776
-4068.61 5522.27 -0.0071521
-4250.74 5383.47 -0.0199696
-4428.14 5238.67 -0.0327589
-4600.61 5088.04 -0.0455038
-4767.96 4931.75 -0.0581881
-4930 4769.97 -0.0707956
-5086.56 4602.89 -0.0833103
-5237.46 4430.68 -0.0957159
-5382.53 4253.54 -0.107997
-5521.62 4071.67 -0.120137
-5654.56 3885.27 -0.13212
-5781.21 3694.55 -0.143932
-5901.43 3499.72 -0.155557
-6015.08 3300.99 -0.166981
-6122.05 3098.6 -0.178188
-6222.21 2892.76 -0.189166
-6315.45 2683.7 -0.1999
-6401.68 2471.67 -0.210378
-6480.78 2256.88 -0.220587
-6552.68 2039.58 -0.230515
-6617.3 1820.02 -0.240151
-6674.57 1598.44 -0.249484
-6724.42 1375.08 -0.258503
-6766.8 1150.19 -0.267201
-6801.66 924.024 -0.275567
-6828.97 696.832 -0.283594
-6848.69 468.866 -0.291275
-6860.81 240.38 -0.298602
-6865.32 11.6268 -0.305571
-6862.2 -217.139 -0.312176
-6851.46 -445.665 -0.318412
-6833.12 -673.695 -0.324276
-6807.2 -900.978 -0.329766
-6773.73 -1127.26 -0.334879
-6732.74 -1352.29 -0.339613
-6684.28 -1575.83 -0.343968
-6628.41 -1797.61 -0.347943
-6565.19 -2017.4 -0.35154
-6494.69 -2234.96 -0.354759
-6416.99 -2450.04 -0.357602
-6332.18 -2662.4 -0.360071
-6240.35 -2871.81 -0.36217
-6141.6 -3078.04 -0.3639
-6036.05 -3280.86 -0.365267
-5923.82 -3480.04 -0.366273
-5805.02 -3675.37 -0.366924
-5679.79 -3866.63 -0.367225
-5548.28 -4053.61 -0.36718
-5410.62 -4236.09 -0.366795
-5266.97 -4413.89 -0.366075
-5117.49 -4586.81 -0.365025
-4962.34 -4754.64 -0.363653
-4801.71 -4917.22 -0.361964
-4635.76 -5074.35 -0.359963
-4464.68 -5225.87 -0.357657
-4288.67 -5371.61 -0.355051
-4107.91 -5511.41 -0.352152
-3922.61 -5645.11 -0.348966
-3732.96 -5772.57 -0.345498
-3539.2 -5893.65 -0.341755
-3341.52 -6008.21 -0.33774
-3140.14 -6116.13 -0.333461
-2935.3 -6217.29 -0.328922
-2727.21 -6311.57 -0.324129
-2516.1 -6398.88 -0.319086
-2302.22 -6479.12 -0.313798
-2085.79 -6552.21 -0.30827
-1867.06 -6618.05 -0.302507
-1646.26 -6676.58 -0.296512
-1423.65 -6727.73 -0.290289
-1199.46 -6771.46 -0.283843
-973.953 -6807.7 -0.277178
-747.366 -6836.43 -0.270298
-519.954 -6857.6 -0.263205
-291.967 -6871.21 -0.255905
-63.6585 -6877.22 -0.2484
164.721 -6875.64 -0.240695
392.918 -6866.47 -0.232792
620.682 -6849.72 -0.224696
847.76 -6825.41 -0.216411
1073.9 -6793.56 -0.207941
1298.86 -6754.21 -0.19929
1522.38 -6707.4 -0.190462
1744.22 -6653.19 -0.181461
1964.14 -6591.63 -0.172294
2181.89 -6522.8 -0.162964
2397.23 -6446.76 -0.153478
2609.92 -6363.61 -0.14384
2819.74 -6273.44 -0.134058
3026.44 -6176.33 -0.124138
3229.8 -6072.41 -0.114086
3429.59 -5961.79 -0.103911
3625.59 -5844.58 -0.0936191
3817.6 -5720.92 -0.0832196
4005.39 -5590.94 -0.0727211
4188.75 -5454.79 -0.0621327
4367.49 -5312.61 -0.0514641
4541.41 -5164.57 -0.0407255
4710.31 -5010.83 -0.0299275
4874.01 -4851.55 -0.0190811
5032.33 -4686.91 -0.00819793
5185.09 -4517.09 0.00271006
5332.12 -4342.29 0.0136305
5473.26 -4162.69 0.0245507
5608.36 -3978.49 0.0354573
5737.25 -3789.89 0.0463371
5859.81 -3597.11 0.0571761
5975.89 -3400.35 0.0679603
6085.37 -3199.83 0.0786755
6188.12 -2995.78 0.089307
6284.03 -2788.41 0.0998403
6373 -2577.97 0.110261
6454.92 -2364.67 0.120553
6529.7 -2148.76 0.130703
6597.26 -1930.47 0.140695
6657.52 -1710.04 0.150515
6710.42 -1487.73 0.160147
6755.9 -1263.77 0.169579
6793.9 -1038.41 0.178794
6824.38 -811.903 0.18778
6847.31 -584.497 0.196522
6862.67 -356.445 0.205008
6870.42 -127.998 0.213224
6870.58 100.591 0.221158
6863.12 329.068 0.228797
6848.06 557.18 0.236131
6825.42 784.675 0.243149
6795.22 1011.3 0.249839
6757.49 1236.81 0.256193
6712.28 1460.94 0.262201
6659.62 1683.46 0.267855
6599.59 1904.11 0.273148
6532.24 2122.65 0.278071
6457.65 2338.83 0.28262
6375.9 2552.43 0.286788
6287.08 2763.19 0.29057
6191.29 2970.89 0.293963
6088.63 3175.29 0.296964
5979.21 3376.17 0.29957
5863.16 3573.3 0.301778
5740.61 3766.47 0.303589
5611.68 3955.46 0.305
5476.53 4140.06 0.306014
5335.3 4320.06 0.306631
5188.14 4495.27 0.306852
5035.22 4665.48 0.306681
4876.72 4830.51 0.306119
4712.79 4990.18 0.30517
4543.63 5144.31 0.303838
4369.42 5292.72 0.302129
4190.36 5435.25 0.300046
4006.64 5571.74 0.297596
3818.47 5702.04 0.294785
3626.06 5826 0.291618
3429.61 5943.48 0.288102
3229.35 6054.36 0.284246
3025.5 6158.51 0.280055
2818.29 6255.8 0.275538
2607.94 6346.15 0.270702
2394.69 6429.43 0.265555
2178.78 6505.56 0.260107
1960.45 6574.46 0.254365
1739.93 6636.04 0.248337
1517.48 6690.24 0.242034
1293.34 6737 0.235462
1067.76 6776.26 0.228632
840.992 6807.98 0.221553
613.289 6832.13 0.214232
384.903 6848.67 0.20668
156.089 6857.59 0.198906
-72.8994 6858.88 0.190918
-301.807 6852.53 0.182726
-530.378 6838.56 0.174339
-758.359 6816.97 0.165766
-985.496 6787.79 0.157017
-1211.54 6751.06 0.148102
-1436.23 6706.81 0.139028
-1659.32 6655.1 0.129807
-1880.56 6595.98 0.120446
-2099.72 6529.51 0.110957
-2316.53 6455.78 0.101348
-2530.77 6374.86 0.0916294
-2742.18 6286.84 0.0818108
-2950.55 6191.82 0.0719022
-3155.63 6089.91 0.0619136
-3357.2 5981.22 0.0518552
-3555.03 5865.87 0.0417374
-3748.9 5743.99 0.0315706
-3938.6 5615.72 0.0213653
-4123.92 5481.2 0.0111323
-4304.64 5340.58 0.000882604
-4480.58 5194.01 -0.00937282
-4651.53 5041.66 -0.0196227
-4817.3 4883.7 -0.0298557
-4977.71 4720.31 -0.0400603
-5132.59 4551.66 -0.0502248
-5281.75 4377.96 -0.0603374
-5425.03 4199.37 -0.0703862
-5562.28 4016.12 -0.0803591
-5693.35 3828.4 -0.0902441
-5818.08 3636.42 -0.100029
-5936.34 3440.4 -0.109701
-6047.99 3240.55 -0.119249
-6152.93 3037.1 -0.12866
-6251.02 2830.27 -0.137922
-6342.16 2620.29 -0.147022
-6426.25 2407.4 -0.155949
-6503.2 2191.84 -0.16469
-6572.92 1973.84 -0.173234
-6635.33 1753.64 -0.18157
-6690.37 1531.5 -0.189685
-6737.98 1307.66 -0.197569
-6778.11 1082.36 -0.205211
-6810.7 855.86 -0.2126
-6835.73 628.41 -0.219726
-6853.17 400.262 -0.22658
-6863 171.67 -0.233152
-6865.21 -57.1126 -0.239434
-6859.8 -285.832 -0.245417
-6846.78 -514.234 -0.251094
-6826.16 -742.066 -0.256457
-6797.96 -969.074 -0.261501
-6762.23 -1195.01 -0.266218
-6718.99 -1419.61 -0.270605
-6668.3 -1642.65 -0.274655
-6610.21 -1863.86 -0.278367
-6544.79 -2083 -0.281735
-6472.12 -2299.84 -0.284759
-6392.28 -2514.12 -0.287436
-6305.34 -2725.62 -0.289765
-6211.42 -2934.1 -0.291746
-6110.62 -3139.33 -0.293379
-6003.05 -3341.08 -0.294666
-5888.83 -3539.12 -0.295609
-5768.08 -3733.25 -0.296209
-5640.95 -3923.25 -0.296471
-5507.57 -4108.9 -0.296398
-5368.1 -4290 -0.295995
-5222.68 -4466.35 -0.295267
-5071.48 -4637.75 -0.294219
-4914.67 -4804.03 -0.292858
-4752.42 -4964.99 -0.29119
-4584.91 -5120.45 -0.289224
-4412.33 -5270.25 -0.286966
-4234.86 -5414.22 -0.284424
-4052.72 -5552.21 -0.281607
-3866.09 -5684.05 -0.278524
-3675.18 -5809.6 -0.275183
-3480.22 -5928.74 -0.271594
-3281.4 -6041.31 -0.267765
-3078.96 -6147.21 -0.263708
-2873.11 -6246.32 -0.25943
-2664.09 -6338.52 -0.254942
-2452.13 -6423.72 -0.250253
-2237.45 -6501.81 -0.245373
-2020.31 -6572.73 -0.240311
-1800.93 -6636.38 -0.235076
-1579.56 -6692.7 -0.229678
-1356.45 -6741.63 -0.224126
-1131.83 -6783.11 -0.218428
-905.973 -6817.1 -0.212594
-679.111 -6843.56 -0.206631
-451.498 -6862.46 -0.200547
-223.388 -6873.78 -0.19435
4.96986 -6877.51 -0.188047
233.322 -6873.65 -0.181646
461.416 -6862.2 -0.175153
689.001 -6843.17 -0.168575
915.825 -6816.59 -0.161917
1141.64 -6782.48 -0.155185
1366.19 -6740.88 -0.148385
1589.24 -6691.84 -0.141521
1810.52 -6635.42 -0.134598
2029.82 -6571.66 -0.127622
2246.87 -6500.66 -0.120595
2461.44 -6422.47 -0.113522
2673.29 -6337.2 -0.106406
2882.19 -6244.93 -0.0992511
3087.91 -6145.76 -0.0920605
3290.22 -6039.81 -0.0848372
3488.9 -5927.2 -0.0775843
3683.72 -5808.03 -0.0703046
3874.48 -5682.46 -0.0630012
4060.96 -5550.61 -0.0556769
4242.96 -5412.63 -0.0483345
4420.27 -5268.67 -0.0409771
4592.7 -5118.9 -0.0336076
4760.06 -4963.47 -0.0262291
4922.16 -4802.57 -0.0188451
5078.82 -4636.35 -0.0114588
5229.88 -4465.02 -0.00407397
5375.16 -4288.75 0.0033055
5514.5 -4107.75 0.0106755
5647.74 -3922.2 0.0180316
5774.75 -3732.33 0.0253691
5895.37 -3538.32 0.032683
6009.49 -3340.41 0.039968
6116.95 -3138.81 0.0472184
6217.66 -2933.73 0.0544283
6311.5 -2725.42 0.0615912
6398.35 -2514.09 0.0687005
6478.14 -2299.98 0.0757493
6550.76 -2083.33 0.0827301
6616.13 -1864.37 0.0896353
6674.19 -1643.35 0.0964569
6724.86 -1420.51 0.103187
6768.1 -1196.11 0.109816
6803.84 -970.374 0.116336
6832.06 -743.568 0.122739
6852.71 -515.939 0.129013
6865.79 -287.74 0.135152
6871.26 -59.2218 0.141144
6869.12 169.362 0.14698
6859.37 397.758 0.152651
6842.04 625.713 0.158147
6817.12 852.975 0.163459
6784.65 1079.29 0.168577
6744.66 1304.41 0.173491
6697.2 1528.09 0.178192
6642.32 1750.07 0.182672
