1472.62 -6718.5 -0.139339
1694.85 -6665.89 -0.104518
1915.21 -6605.92 -0.0513965
2133.45 -6538.67 0.0198768
2349.34 -6464.19 0.109097
2562.64 -6382.57 0.216005
2773.1 -6293.91 0.340287
2980.5 -6198.3 0.481577
3184.62 -6095.84 0.639458
3385.21 -5986.66 0.813461
3582.07 -5870.86 1.00307
3774.97 -5748.58 1.20772
3963.71 -5619.95 1.42681
4148.06 -5485.12 1.65968
4327.84 -5344.22 1.90565
4502.83 -5197.43 2.16398
4672.85 -5044.89 2.43391
4837.71 -4886.78 2.71464
4997.22 -4723.27 3.00535
5151.22 -4554.54 3.30517
5299.52 -4380.78 3.61324
5441.96 -4202.18 3.92865
5578.39 -4018.93 4.25048
5708.66 -3831.24 4.57781
5832.61 -3639.31 4.90967
5950.12 -3443.37 5.24513
6061.04 -3243.61 5.58322
6165.27 -3040.27 5.92298
6262.68 -2833.57 6.26345
6353.16 -2623.73 6.60368
6436.61 -2410.99 6.94272
6512.94 -2195.58 7.27964
6582.07 -1977.74 7.61352
6643.92 -1757.72 7.94345
6698.41 -1535.75 8.26855
6745.48 -1312.08 8.58796
6785.09 -1086.96 8.90086
6817.19 -860.632 9.20643
6841.74 -633.354 9.50391
6858.71 -405.374 9.79256
6868.09 -176.945 10.0717
6869.86 51.6794 10.3406
6864.02 280.247 10.5987
6850.57 508.503 10.8455
6829.54 736.196 11.0803
6800.93 963.073 11.3028
6764.78 1188.88 11.5124
6721.14 1413.37 11.7088
6670.04 1636.3 11.8916
6611.55 1857.41 12.0606
6545.72 2076.46 12.2155
6472.63 2293.2 12.3562
6392.37 2507.4 12.4825
6305.01 2718.82 12.5944
6210.65 2927.22 12.6918
6109.4 3132.38 12.7748
6001.37 3334.05 12.8434
5886.68 3532.03 12.8978
5765.45 3726.08 12.9381
5637.82 3916 12.9647
5503.93 4101.56 12.9778
5363.93 4282.58 12.9777
5217.97 4458.83 12.9648
5066.21 4630.13 12.9394
4908.82 4796.29 12.9022
4745.98 4957.11 12.8535
4577.87 5112.43 12.7939
4404.66 5262.07 12.724
4226.56 5405.85 12.6443
4043.76 5543.63 12.5555
3856.47 5675.24 12.4583
3664.89 5800.54 12.3533
3469.23 5919.39 12.2412
3269.71 6031.66 12.1227
3066.56 6137.22 11.9986
2859.99 6235.96 11.8695
2650.25 6327.75 11.7363
2437.55 6412.51 11.5997
2222.15 6490.13 11.4604
2004.27 6560.54 11.3192
1784.16 6623.64 11.1769
1562.07 6679.37 11.0341
1338.23 6727.66 10.8916
1112.91 6768.47 10.7502
886.351 6801.75 10.6104
658.804 6827.46 10.473
430.523 6845.56 10.3386
201.762 6856.05 10.2079
-27.2225 6858.9 10.0814
-256.177 6854.12 9.95967
-484.847 6841.71 9.84332
-712.977 6821.68 9.73281
-940.313 6794.06 9.62859
-1166.6 6758.87 9.53108
-1391.59 6716.16 9.44068
-1615.04 6665.98 9.3577
-1836.68 6608.37 9.28245
-2056.28 6543.4 9.21518
-2273.59 6471.15 9.15608
-2488.37 6391.7 9.10532
-2700.38 6305.13 9.06301
-2909.38 6211.54 9.02921
-3115.14 6111.04 9.00394
-3317.44 6003.74 8.98716
-3516.05 5889.75 8.97879
-3710.74 5769.21 8.97872
-3901.3 5642.25 8.98676
-4087.52 5509.01 9.00272
-4269.19 5369.64 9.02632
-4446.11 5224.29 9.05726
-4618.09 5073.13 9.0952
-4784.92 4916.33 9.13977
-4946.44 4754.06 9.19053
-5102.45 4586.5 9.24703
-5252.78 4413.83 9.30879
-5397.28 4236.26 9.37528
-5535.77 4053.98 9.44595
-5668.1 3867.19 9.52023
-5794.14 3676.1 9.59751
-5913.73 3480.92 9.67717
-6026.74 3281.87 9.75858
-6133.06 3079.18 9.84108
-6232.56 2873.06 9.92399
-6325.14 2663.75 10.0066
-6410.69 2451.48 10.0884
-6489.11 2236.49 10.1684
-6560.33 2019.01 10.2462
-6624.26 1799.29 10.321
-6680.83 1577.57 10.3921
-6729.98 1354.1 10.4588
-6771.67 1129.12 10.5205
-6805.83 902.897 10.5766
-6832.44 675.666 10.6264
-6851.46 447.686 10.6693
-6862.88 219.209 10.7047
-6866.69 -9.51169 10.7322
-6862.88 -238.222 10.7511
-6851.45 -466.667 10.7609
-6832.43 -694.596 10.7613
-6805.83 -921.754 10.7517
-6771.68 -1147.89 10.7318
-6730.03 -1372.75 10.7013
-6680.91 -1596.09 10.6598
-6624.39 -1817.67 10.6071
-6560.53 -2037.23 10.543
-6489.4 -2254.53 10.4673
-6411.08 -2469.33 10.3798
-6325.66 -2681.4 10.2806
-6233.23 -2890.5 10.1695
-6133.9 -3096.39 10.0466
-6027.77 -3298.86 9.91195
-5914.97 -3497.68 9.76571
-5795.63 -3692.62 9.60803
-5669.87 -3883.48 9.43912
-5537.83 -4070.04 9.25927
-5399.67 -4252.09 9.06878
-5255.53 -4429.44 8.86803
-5105.57 -4601.89 8.65741
-4949.97 -4769.25 8.4374
-4788.9 -4931.34 8.20848
-4622.53 -5087.97 7.9712
-4451.04 -5238.97 7.72615
-4274.64 -5384.18 7.47393
-4093.51 -5523.44 7.21522
-3907.85 -5656.59 6.95069
-3717.87 -5783.49 6.68107
-3523.79 -5904 6.40712
-3325.81 -6017.99 6.12961
-3124.15 -6125.32 5.84934
-2919.05 -6225.88 5.56714
-2710.72 -6319.57 5.28385
-2499.39 -6406.28 5.00033
-2285.3 -6485.9 4.71745
-2068.69 -6558.37 4.43608
-1849.8 -6623.59 4.15711
-1628.86 -6681.49 3.88144
-1406.12 -6732.02 3.60994
-1181.83 -6775.11 3.3435
-956.234 -6810.72 3.08301
-729.582 -6838.81 2.82932
-502.125 -6859.34 2.58329
-274.114 -6872.31 2.34577
-45.8 -6877.68 2.11757
182.564 -6875.47 1.89949
410.727 -6865.66 1.6923
638.437 -6848.27 1.49675
865.441 -6823.32 1.31355
1091.49 -6790.84 1.14338
1316.33 -6750.86 0.986883
1539.72 -6703.43 0.844667
1761.42 -6648.6 0.717296
1981.16 -6586.43 0.605293
2198.72 -6516.99 0.509134
2413.85 -6440.35 0.429251
2626.32 -6356.6 0.366023
2835.88 -6265.84 0.319784
3042.32 -6168.15 0.290813
3245.4 -6063.66 0.279338
3444.89 -5952.47 0.285533
3640.58 -5834.7 0.309517
3832.25 -5710.5 0.351355
4019.68 -5579.98 0.411056
4202.68 -5443.31 0.488573
4381.04 -5300.62 0.583803
4554.55 -5152.08 0.696589
4723.04 -4997.84 0.826716
4886.3 -4838.09 0.973916
5044.17 -4672.99 1.13787
5196.47 -4502.72 1.3182
5343.02 -4327.48 1.51447
5483.67 -4147.46 1.72622
5618.26 -3962.86 1.95291
5746.64 -3773.87 2.19397
5868.66 -3580.71 2.44878
5984.2 -3383.6 2.71668
6093.13 -3182.74 2.99696
6195.31 -2978.36 3.28888
6290.64 -2770.69 3.59165
6379.02 -2559.96 3.90447
6460.34 -2346.39 4.22648
6534.51 -2130.23 4.55681
6601.45 -1911.71 4.89456
6661.09 -1691.07 5.2388
6713.35 -1468.56 5.58861
6758.19 -1244.43 5.943
6795.54 -1018.92 6.30102
6825.37 -792.281 6.66169
6847.64 -564.765 7.024
6862.33 -336.623 7.38698
6869.42 -108.109 7.74963
6868.9 120.526 8.11097
6860.77 349.027 8.47
6845.03 577.141 8.82577
6821.71 804.615 9.17732
6790.83 1031.2 9.5237
6752.42 1256.64 9.864
6706.53 1480.68 10.1973
6653.2 1703.09 10.5228
6592.49 1923.6 10.8396
6524.47 2141.99 11.1468
6449.21 2357.99 11.4439
6366.8 2571.38 11.7298
6277.32 2781.92 12.0041
6180.87 2989.37 12.266
6077.57 3193.5 12.515
5967.52 3394.09 12.7503
5850.84 3590.9 12.9717
5727.67 3783.74 13.1785
5598.14 3972.36 13.3703
5462.39 4156.58 13.5468
5320.57 4336.18 13.7077
5172.84 4510.97 13.8527
5019.37 4680.74 13.9816
4860.32 4845.31 14.0943
4695.86 5004.49 14.1907
4526.19 5158.11 14.2706
4351.49 5306 14.3343
4171.95 5448 14.3816
3987.77 5583.93 14.4128
3799.16 5713.66 14.428
3606.33 5837.03 14.4275
3409.48 5953.91 14.4115
3208.84 6064.17 14.3804
3004.64 6167.68 14.3345
2797.09 6264.34 14.2743
2586.43 6354.02 14.2003
2372.89 6436.64 14.113
2156.71 6512.09 14.0128
1938.13 6580.3 13.9005
1717.4 6641.18 13.7767
1494.75 6694.68 13.642
1270.44 6740.72 13.497
1044.72 6779.26 13.3426
817.833 6810.26 13.1795
590.037 6833.68 13.0084
361.585 6849.48 12.83
132.729 6857.67 12.6453
-96.2739 6858.22 12.455
-325.17 6851.14 12.26
-553.704 6836.43 12.061
-781.622 6814.11 11.8588
-1008.67 6784.2 11.6543
-1234.59 6746.74 11.4484
-1459.14 6701.77 11.2417
-1682.07 6649.34 11.0352
-1903.12 6589.51 10.8295
-2122.06 6522.34 10.6255
-2338.63 6447.91 10.4239
-2552.6 6366.3 10.2254
-2763.73 6277.6 10.0307
-2971.78 6181.92 9.84047
-3176.52 6079.36 9.65535
-3377.73 5970.02 9.47593
-3575.18 5854.05 9.30278
-3768.65 5731.56 9.13642
-3957.93 5602.69 8.97734
-4142.8 5467.58 8.82599
-4323.06 5326.39 8.68275
-4498.51 5179.28 8.54801
-4668.95 5026.4 8.42205
-4834.2 4867.93 8.30515
-4994.08 4704.04 8.19753
-5148.4 4534.92 8.09936
-5296.99 4360.76 8.01075
-5439.69 4181.74 7.93179
-5576.34 3998.08 7.86249
-5706.79 3809.97 7.80283
-5830.89 3617.62 7.75274
-5948.52 3421.26 7.71211
-6059.53 3221.09 7.68077
-6163.8 3017.33 7.65851
-6261.23 2810.23 7.64508
-6351.69 2600 7.64017
-6435.1 2386.89 7.64347
-6511.36 2171.12 7.65458
-6580.39 1952.94 7.6731
-6642.11 1732.59 7.69858
-6696.45 1510.32 7.73053
-6743.35 1286.37 7.76845
-6782.77 1060.99 7.8118
-6814.66 834.431 7.86001
-6838.99 606.948 7.91248
-6855.72 378.792 7.96862
-6864.85 150.215 8.0278
-6866.35 -78.528 8.08937
-6860.25 -307.184 8.15268
-6846.53 -535.5 8.21708
-6825.22 -763.221 8.28189
-6796.34 -990.097 8.34645
-6759.92 -1215.87 8.41009
-6716.01 -1440.3 8.47214
-6664.66 -1663.14 8.53196
-6605.92 -1884.13 8.58888
-6539.86 -2103.03 8.64228
-6466.55 -2319.6 8.69153
-6386.08 -2533.6 8.73604
-6298.53 -2744.8 8.77523
-6204.01 -2952.96 8.80854
-6102.62 -3157.84 8.83543
-5994.48 -3359.23 8.85542
-5879.69 -3556.9 8.86803
-5758.4 -3750.63 8.87283
-5630.73 -3940.22 8.86941
-5496.83 -4125.44 8.85742
-5356.85 -4306.09 8.83653
-5210.94 -4481.99 8.80646
-5059.27 -4652.92 8.76696
-4902 -4818.71 8.71785
-4739.31 -4979.17 8.65896
-4571.38 -5134.12 8.5902
-4398.4 -5283.39 8.51151
-4220.55 -5426.83 8.42286
-4038.03 -5564.26 8.32431
-3851.06 -5695.55 8.21591
-3659.82 -5820.53 8.09782
-3464.54 -5939.09 7.97019
-3265.43 -6051.08 7.83326
-3062.72 -6156.39 7.68729
-2856.62 -6254.89 7.5326
-2647.36 -6346.48 7.36955
-2435.18 -6431.07 7.19854
-2220.31 -6508.54 7.02001
-2002.98 -6578.83 6.83444
-1783.45 -6641.86 6.64237
-1561.94 -6697.54 6.44434
-1338.71 -6745.84 6.24096
-1114 -6786.68 6.03286
-888.063 -6820.03 5.82068
-661.143 -6845.84 5.60512
-433.494 -6864.1 5.38689
-205.366 -6874.78 5.16672
22.9888 -6877.87 4.94538
251.318 -6873.37 4.72363
479.37 -6861.27 4.50226
706.892 -6841.61 4.28208
933.634 -6814.39 4.06389
1159.35 -6779.64 3.8485
1383.78 -6737.42 3.63674
1606.68 -6687.75 3.42942
1827.81 -6630.7 3.22736
2046.92 -6566.33 3.03135
2263.77 -6494.72 2.84221
2478.13 -6415.93 2.66071
2689.74 -6330.06 2.48762
2898.39 -6237.2 2.32369
3103.84 -6137.45 2.16965
3305.86 -6030.93 2.0262
3504.23 -5917.74 1.89402
3698.73 -5798.03 1.77374
3889.14 -5671.91 1.666
4075.26 -5539.52 1.57135
4256.88 -5401.02 1.49035
4433.8 -5256.55 1.42348
4605.82 -5106.28 1.37122
4772.75 -4950.37 1.33396
4934.41 -4788.98 1.31208
5090.62 -4622.31 1.3059
5241.2 -4450.53 1.31568
5385.99 -4273.83 1.34165
5524.83 -4092.41 1.38398
5657.56 -3906.46 1.44278
5784.04 -3716.2 1.51812
5904.13 -3521.83 1.61
6017.69 -3323.56 1.71839
6124.59 -3121.63 1.84317
6224.73 -2916.23 1.9842
6317.98 -2707.62 2.14127
6404.24 -2496.01 2.31411
6483.41 -2281.64 2.50242
6555.42 -2064.74 2.70582
6620.17 -1845.56 2.92389
6677.59 -1624.33 3.15617
6727.63 -1401.31 3.40213
6770.22 -1176.74 3.66122
6805.31 -950.867 3.93282
6832.87 -723.939 4.21626
6852.86 -496.209 4.51087
6865.26 -267.93 4.8159
6870.06 -39.3541 5.13057
6867.25 189.266 5.45408
6856.83 417.676 5.78559
6838.81 645.623 6.12423
6813.22 872.855 6.46909
6780.07 1099.12 6.81927
6739.4 1324.17 7.17382
6691.27 1547.74 7.53178
6635.71 1769.61 7.89219
6572.79 1989.51 8.25405
6502.59 2207.2 8.61639
6425.17 2422.44 8.9782
6340.62 2635 9.33849
6249.03 2844.63 9.69628
6150.51 3051.11 10.0506
6045.17 3254.2 10.4004
5933.11 3453.68 10.7448
5814.46 3649.32 11.0828
5689.36 3840.91 11.4135
5557.94 4028.23 11.7359
5420.35 4211.08 12.0493
5276.74 4389.26 12.3528
5127.26 4562.55 12.6454
4972.09 4730.78 12.9266
4811.39 4893.75 13.1954
4645.34 5051.28 13.4513
4474.14 5203.2 13.6934
4297.95 5349.33 13.9213
4117 5489.52 14.1343
3931.46 5623.6 14.332
3741.55 5751.43 14.5138
3547.48 5872.86 14.6792
3349.47 5987.76 14.8281
3147.73 6096 14.9599
2942.49 6197.46 15.0746
2733.97 6292.03 15.1718
2522.42 6379.59 15.2514
2308.05 6460.06 15.3133
2091.12 6533.34 15.3575
1871.87 6599.35 15.384
1650.53 6658.01 15.393
1427.35 6709.27 15.3844
1202.58 6753.06 15.3586
976.482 6789.33 15.3157
749.292 6818.04 15.2561
521.268 6839.17 15.1802
292.663 6852.68 15.0882
63.7337 6858.57 14.9807
-165.267 6856.81 14.8583
-394.083 6847.43 14.7213
-622.461 6830.42 14.5705
-850.146 6805.81 14.4063
-1076.88 6773.62 14.2297
-1302.42 6733.89 14.0411
-1526.51 6686.66 13.8413
-1748.9 6631.99 13.6312
-1969.34 6569.94 13.4115
-2187.59 6500.57 13.1831
-2403.41 6423.97 12.9467
-2616.55 6340.21 12.7032
-2826.78 6249.39 12.4535
-3033.85 6151.62 12.1984
-3237.56 6047 11.9389
-3437.66 5935.65 11.6759
-3633.93 5817.7 11.4102
-3826.16 5693.27 11.1428
-4014.13 5562.5 10.8744
-4197.63 5425.54 10.6061
-4376.46 5282.55 10.3386
-4550.43 5133.67 10.0727
-4719.33 4979.09 9.80946
-4882.98 4818.96 9.5495
-5041.19 4653.48 9.29366
-5193.8 4482.82 9.04268
-5340.64 4307.17 8.79729
-5481.53 4126.73 8.55819
-5616.33 3941.7 8.32602
-5744.88 3752.29 8.1014
-5867.04 3558.71 7.88492
-5982.69 3361.17 7.67712
-6091.68 3159.89 7.47847
-6193.9 2955.1 7.28945
-6289.24 2747.03 7.11045
-6377.58 2535.91 6.94182
-6458.85 2321.96 6.78389
-6532.93 2105.44 6.63689
-6599.76 1886.58 6.50106
-6659.26 1665.62 6.37654
-6711.37 1442.82 6.26344
-6756.02 1218.41 6.16184
-6793.17 992.647 6.07172
-6822.78 765.783 5.99307
-6844.81 538.07 5.92578
-6859.25 309.759 5.86972
-6866.08 81.1047 5.82472
-6865.29 -147.64 5.79053
-6856.89 -376.22 5.76688
-6840.88 -604.384 5.75347
-6817.28 -831.877 5.74992
-6786.12 -1058.45 5.75586
-6747.44 -1283.84 5.77083
-6701.28 -1507.82 5.79437
-6647.69 -1730.12 5.82598
-6586.73 -1950.51 5.86513
-6518.47 -2168.73 5.91126
-6443 -2384.55 5.96378
-6360.38 -2597.73 6.02209
-6270.72 -2808.03 6.08555
-6174.12 -3015.22 6.15353
-6070.67 -3219.08 6.22537
-5960.51 -3419.37 6.3004
-5843.75 -3615.87 6.37794
-5720.52 -3808.37 6.45732
-5590.96 -3996.66 6.53785
-5455.21 -4180.52 6.61885
-5313.43 -4359.76 6.69965
-5165.76 -4534.18 6.77957
-5012.39 -4703.58 6.85797
-4853.47 -4867.77 6.93419
-4689.18 -5026.59 7.00761
-4519.7 -5179.84 7.07762
-4345.23 -5327.37 7.14363
-4165.96 -5469.01 7.20507
-3982.08 -5604.6 7.26142
-3793.79 -5734 7.31215
-3601.32 -5857.06 7.35681
-3404.86 -5973.65 7.39494
-3204.65 -6083.64 7.42613
-3000.89 -6186.9 7.45002
-2793.81 -6283.33 7.46628
-2583.65 -6372.82 7.47461
-2370.64 -6455.27 7.47476
-2155.01 -6530.59 7.46654
-1936.99 -6598.7 7.44977
-1716.84 -6659.51 7.42434
-1494.79 -6712.98 7.39017
-1271.09 -6759.03 7.34725
-1045.99 -6797.62 7.29559
-819.734 -6828.7 7.23525
-592.571 -6852.24 7.16635
-364.753 -6868.22 7.08904
-136.534 -6876.61 7.00353
91.8371 -6877.41 6.91006
320.106 -6870.62 6.80892
548.022 -6856.24 6.70044
775.333 -6834.3 6.58501
1001.79 -6804.81 6.46302
1227.14 -6767.81 6.33493
1451.13 -6723.34 6.20123
1673.52 -6671.44 6.06245
1894.07 -6612.18 5.91914
2112.52 -6545.62 5.77187
2328.64 -6471.84 5.62128
2542.2 -6390.91 5.468
2752.94 -6302.92 5.31269
2960.65 -6207.98 5.15603
3165.08 -6106.18 4.99873
3366.02 -5997.64 4.84151
3563.25 -5882.48 4.68509
3756.54 -5760.82 4.53021
3945.68 -5632.8 4.37762
4130.46 -5498.56 4.22807
4310.69 -5358.25 4.08231
4486.15 -5212.02 3.94108
4656.65 -5060.03 3.80512
4822.02 -4902.45 3.67518
4982.05 -4739.46 3.55195
5136.58 -4571.23 3.43616
5285.44 -4397.95 3.32849
5428.45 -4219.81 3.22961
5565.47 -4037.01 3.14017
5696.33 -3849.74 3.06077
5820.9 -3658.22 2.99201
5939.03 -3462.66 2.93444
6050.6 -3263.27 2.8886
6155.48 -3060.27 2.85496
6253.55 -2853.89 2.83398
6344.71 -2644.35 2.82607
6428.84 -2431.88 2.83158
6505.87 -2216.73 2.85085
6575.7 -1999.12 2.88415
6638.25 -1779.3 2.9317
6693.46 -1557.51 2.99369
6741.26 -1334 3.07024
6781.59 -1109.01 3.16144
6814.42 -882.797 3.26732
6839.71 -655.604 3.38784
6857.42 -427.685 3.52294
6867.54 -199.292 3.67248
6870.05 29.3218 3.83628
6864.95 257.903 4.01411
6852.24 486.199 4.20568
6831.94 713.956 4.41065
6804.07 940.921 4.62864
6768.66 1166.84 4.85921
6725.74 1391.47 5.10188
6675.37 1614.56 5.35611
6617.59 1835.86 5.62132
6552.48 2055.12 5.8969
6480.09 2272.1 6.18218
6400.52 2486.56 6.47646
6313.85 2698.26 6.77899
6220.17 2906.97 7.08901
6119.58 3112.45 7.40571
6012.21 3314.48 7.72825
5898.16 3512.82 8.05576
5777.56 3707.27 8.38737
5650.54 3897.6 8.72215
5517.25 4083.6 9.05918
5377.83 4265.07 9.39753
5232.44 4441.8 9.73623
5081.23 4613.59 10.0743
4924.38 4780.26 10.4109
4762.06 4941.61 10.7448
4594.44 5097.47 11.0753
4421.71 5247.67 11.4013
4244.07 5392.03 11.7219
4061.71 5530.4 12.0361
3874.84 5662.62 12.3431
3683.65 5788.54 12.6418
3488.37 5908.02 12.9314
3289.21 6020.94 13.2111
3086.39 6127.15 13.4801
2880.14 6226.55 13.7374
2670.68 6319.02 13.9824
2458.26 6404.47 14.2144
2243.09 6482.78 14.4325
2025.43 6553.88 14.6362
1805.52 6617.69 14.825
1583.6 6674.13 14.9981
1359.91 6723.15 15.1551
1134.71 6764.68 15.2956
908.25 6798.68 15.419
680.777 6825.11 15.5252
452.547 6843.95 15.6138
223.813 6855.16 15.6844
-5.17008 6858.75 15.737
-234.147 6854.69 15.7714
-462.864 6843.01 15.7876
-691.064 6823.71 15.7854
-918.496 6796.81 15.765
-1144.9 6762.34 15.7265
-1370.04 6720.35 15.6699
-1593.65 6670.87 15.5956
-1815.48 6613.96 15.5038
-2035.29 6549.69 15.3948
-2252.84 6478.13 15.269
-2467.88 6399.36 15.1268
-2680.17 6313.46 14.9688
-2889.47 6220.54 14.7953
-3095.56 6120.69 14.6071
-3298.2 6014.02 14.4047
-3497.18 5900.66 14.1889
-3692.26 5780.74 13.9602
-3883.23 5654.38 13.7195
-4069.87 5521.73 13.4675
-4251.99 5382.93 13.205
-4429.38 5238.14 12.9329
-4601.84 5087.52 12.652
-4769.18 4931.24 12.3632
-4931.21 4769.48 12.0675
-5087.75 4602.41 11.7657
-5238.64 4430.22 11.4588
-5383.7 4253.1 11.1477
-5522.77 4071.25 10.8334
-5655.7 3884.88 10.5168
-5782.34 3694.18 10.1988
-5902.56 3499.38 9.88048
-6016.21 3300.69 9.56269
-6123.17 3098.33 9.24639
-6223.32 2892.52 8.93247
-6316.56 2683.5 8.62184
-6402.78 2471.49 8.31537
-6481.89 2256.75 8.01391
-6553.8 2039.49 7.71828
-6618.42 1819.97 7.42928
-6675.7 1598.42 7.14767
-6725.56 1375.1 6.87417
-6767.95 1150.26 6.60947
-6802.83 924.135 6.35424
-6830.15 696.986 6.10907
-6849.9 469.063 5.87453
-6862.04 240.62 5.65114
-6866.57 11.9095 5.43938
-6863.48 -216.814 5.23966
-6852.78 -445.297 5.05238
-6834.47 -673.287 4.87784
-6808.59 -900.53 4.71634
-6775.15 -1126.77 4.56808
-6734.21 -1351.77 4.43325
-6685.8 -1575.27 4.31196
-6629.98 -1797.02 4.20428
-6566.81 -2016.78 4.11022
-6496.36 -2234.3 4.02975
-6418.72 -2449.35 3.96278
-6333.96 -2661.68 3.90916
-6242.2 -2871.07 3.86873
-6143.51 -3077.28 3.84123
-6038.03 -3280.08 3.82639
-5925.86 -3479.25 3.82389
-5807.13 -3674.57 3.83334
-5681.97 -3865.82 3.85436
-5550.53 -4052.79 3.88647
-5412.94 -4235.28 3.92921
-5269.37 -4413.08 3.98204
-5119.96 -4586 4.04441
-4964.89 -4753.85 4.11574
-4804.33 -4916.44 4.19542
-4638.46 -5073.59 4.28281
-4467.46 -5225.13 4.37726
-4291.52 -5370.89 4.47808
-4110.83 -5510.72 4.58459
-3925.6 -5644.46 4.69609
-3736.03 -5771.96 4.81186
-3542.34 -5893.08 4.93119
-3344.73 -6007.68 5.05333
-3143.42 -6115.65 5.17759
-2938.64 -6216.86 5.30322
-2730.61 -6311.21 5.42952
-2519.57 -6398.58 5.55579
-2305.74 -6478.89 5.68131
-2089.37 -6552.03 5.80542
-1870.69 -6617.95 5.92744
-1649.94 -6676.55 6.04674
-1427.37 -6727.78 6.1627
-1203.23 -6771.59 6.27471
-977.757 -6807.91 6.38221
-751.204 -6836.72 6.48467
-523.821 -6857.98 6.58157
-295.861 -6871.67 6.67244
-67.5736 -6877.78 6.75685
160.788 -6876.29 6.8344
388.973 -6867.21 6.90473
616.728 -6850.55 6.96752
843.802 -6826.33 7.02251
1069.95 -6794.57 7.06944
1294.91 -6755.31 7.10814
1518.44 -6708.6 7.13847
1740.3 -6654.48 7.16031
1960.23 -6593.01 7.17363
2178 -6524.27 7.17841
2393.37 -6448.33 7.17469
2606.1 -6365.26 7.16255
2815.95 -6275.17 7.14213
3022.69 -6178.15 7.1136
3226.09 -6074.31 7.07717
3425.93 -5963.77 7.0331
3621.99 -5846.64 6.98171
3814.05 -5723.05 6.92332
4001.89 -5593.15 6.85831
4185.32 -5457.07 6.78712
4364.13 -5314.96 6.71018
4538.11 -5166.98 6.628
4707.09 -5013.29 6.54107
4870.86 -4854.07 6.44996
5029.25 -4689.49 6.35524
5182.09 -4519.72 6.25751
5329.2 -4344.96 6.15738
5470.43 -4165.4 6.05551
5605.6 -3981.24 5.95253
5734.59 -3792.67 5.84914
5857.23 -3599.92 5.746
5973.4 -3403.18 5.64381
6082.97 -3202.68 5.54327
6185.81 -2998.65 5.44506
6281.81 -2791.29 5.34989
6370.86 -2580.85 5.25845
6452.86 -2367.56 5.17141
6527.73 -2151.64 5.08947
6595.38 -1933.35 5.01328
6655.73 -1712.92 4.94348
6708.71 -1490.59 4.88071
6754.27 -1266.61 4.82557
6792.35 -1041.23 4.77864
6822.92 -814.694 4.74048
6845.93 -587.26 4.71161
6861.36 -359.174 4.69253
6869.19 -130.691 4.6837
6869.41 97.9361 4.68553
6862.02 326.455 4.69842
6847.03 554.613 4.72271
6824.45 782.155 4.7587
6794.31 1008.83 4.80664
6756.64 1234.39 4.86676
6711.47 1458.58 4.93921
6658.87 1681.15 5.02412
6598.88 1901.86 5.12156
6531.57 2120.46 5.23154
6457.02 2336.7 5.35404
6375.31 2550.36 5.48897
6286.52 2761.18 5.6362
6190.75 2968.94 5.79557
6088.12 3173.41 5.96682
5978.72 3374.35 6.14969
5862.69 3571.55 6.34384
5740.15 3764.78 6.54889
5611.23 3953.83 6.76443
5476.09 4138.49 6.98996
5334.86 4318.55 7.22499
5187.7 4493.82 7.46895
5034.78 4664.09 7.72124
4876.27 4829.18 7.98121
4712.33 4988.9 8.2482
4543.16 5143.08 8.52148
4368.94 5291.54 8.80031
4189.86 5434.12 9.08392
4006.12 5570.66 9.37149
3817.93 5701 9.66221
3625.49 5825 9.95521
3429.02 5942.53 10.2496
3228.74 6053.44 10.5446
3024.86 6157.62 10.8392
2817.62 6254.96 11.1325
2607.25 6345.33 11.4236
2393.97 6428.64 11.7116
2178.03 6504.79 11.9956
1959.66 6573.71 12.2747
1739.12 6635.32 12.5479
1516.63 6689.53 12.8144
1292.46 6736.3 13.0733
1066.86 6775.58 13.3236
840.06 6807.31 13.5647
612.328 6831.46 13.7955
383.915 6848.01 14.0155
155.074 6856.93 14.2237
-73.9394 6858.22 14.4194
-302.87 6851.87 14.602
-531.464 6837.89 14.7709
-759.466 6816.3 14.9252
-986.622 6787.12 15.0646
-1212.68 6750.38 15.1884
-1437.39 6706.13 15.2962
-1660.49 6654.41 15.3876
-1881.75 6595.28 15.4621
-2100.91 6528.8 15.5194
-2317.73 6455.06 15.5593
-2531.98 6374.13 15.5814
-2743.4 6286.1 15.5858
-2951.77 6191.08 15.5722
-3156.85 6089.16 15.5405
-3358.42 5980.46 15.4909
-3556.24 5865.11 15.4232
-3750.11 5743.22 15.3378
-3939.81 5614.94 15.2347
-4125.12 5480.42 15.1142
-4305.84 5339.79 14.9765
-4481.76 5193.23 14.8221
-4652.7 5040.88 14.6512
-4818.46 4882.92 14.4644
-4978.87 4719.53 14.2622
-5133.73 4550.89 14.045
-5282.88 4377.19 13.8136
-5426.15 4198.62 13.5685
-5563.39 4015.38 13.3104
-5694.44 3827.67 13.0402
-5819.16 3635.71 12.7584
-5937.4 3439.7 12.4659
-6049.05 3239.88 12.1637
-6153.97 3036.44 11.8524
-6252.06 2829.64 11.5331
-6343.19 2619.69 11.2066
-6427.27 2406.82 10.8739
-6504.22 2191.29 10.5359
-6573.93 1973.32 10.1935
-6636.35 1753.15 9.84786
-6691.39 1531.04 9.49984
-6739 1307.23 9.15046
-6779.13 1081.97 8.80069
-6811.73 855.505 8.45152
-6836.77 628.092 8.10393
-6854.22 399.981 7.75889
-6864.07 171.426 7.41734
-6866.29 -57.319 7.08023
-6860.9 -286.001 6.74847
-6847.9 -514.365 6.42296
-6827.3 -742.159 6.10456
-6799.13 -969.13 5.7941
-6763.43 -1195.03 5.49241
-6720.22 -1419.6 5.20024
-6669.56 -1642.6 4.91833
-6611.51 -1863.77 4.64739
-6546.14 -2082.89 4.38805
-6473.51 -2299.69 4.14094
-6393.7 -2513.95 3.90662
-6306.82 -2725.42 3.68559
-6212.95 -2933.87 3.47834
-6112.2 -3139.07 3.28528
-6004.68 -3340.8 3.10678
-5890.51 -3538.83 2.94314
-5769.83 -3732.94 2.79463
-5642.75 -3922.92 2.66146
-5509.44 -4108.56 2.54379
-5370.02 -4289.66 2.4417
-5224.67 -4466 2.35525
-5073.53 -4637.41 2.28442
-4916.78 -4803.69 2.22915
-4754.6 -4964.65 2.18933
-4587.16 -5120.13 2.1648
-4414.64 -5269.94 2.15532
-4237.25 -5413.93 2.16064
-4055.17 -5551.93 2.18043
-3868.6 -5683.79 2.21434
-3677.77 -5809.38 2.26196
-3482.87 -5928.54 2.32283
-3284.12 -6041.15 2.39647
-3081.74 -6147.09 2.48234
-2875.95 -6246.24 2.57987
-2666.99 -6338.48 2.68847
-2455.09 -6423.73 2.80751
-2240.47 -6501.88 2.93631
-2023.38 -6572.85 3.0742
-1804.05 -6636.56 3.22046
-1582.73 -6692.94 3.37436
-1359.66 -6741.93 3.53516
-1135.09 -6783.48 3.7021
-909.273 -6817.54 3.87439
-682.447 -6844.07 4.05127
-454.869 -6863.05 4.23194
-226.788 -6874.45 4.41561
1.54371 -6878.26 4.60151
229.873 -6874.48 4.78886
457.949 -6863.11 4.97687
685.52 -6844.16 5.16478
912.334 -6817.66 5.35185
1138.14 -6783.64 5.53735
1362.69 -6742.13 5.72055
1585.74 -6693.17 5.90077
1807.04 -6636.83 6.07735
2026.34 -6573.17 6.24964
2243.4 -6502.24 6.41703
2457.99 -6424.14 6.57894
2669.87 -6338.95 6.73484
2878.8 -6246.76 6.88421
3084.55 -6147.68 7.02657
3286.89 -6041.81 7.16151
3485.61 -5929.27 7.28863
3680.48 -5810.18 7.40758
3871.29 -5684.68 7.51806
4057.82 -5552.9 7.61981
4239.87 -5414.99 7.71261
4417.24 -5271.1 7.79629
4589.73 -5121.39 7.87074
4757.15 -4966.02 7.93587
4919.32 -4805.17 7.99166
5076.05 -4639.01 8.03813
5227.18 -4467.73 8.07533
5372.53 -4291.51 8.10338
5511.94 -4110.54 8.12243
5645.26 -3925.04 8.13268
5772.35 -3735.2 8.13437
5893.06 -3541.23 8.12779
6007.25 -3343.34 8.11325
6114.8 -3141.76 8.09112
6215.59 -2936.71 8.0618
6309.51 -2728.4 8.02573
6396.45 -2517.09 7.98337
6476.31 -2302.98 7.93522
6549.01 -2086.33 7.88181
6614.47 -1867.38 7.8237
6672.61 -1646.35 7.76147
6723.37 -1423.51 7.6957
6766.68 -1199.09 7.62704
6802.51 -973.338 7.5561
6830.8 -746.512 7.48353
6851.53 -518.86 7.41001
6864.68 -290.634 7.33618
6870.22 -62.0859 7.26272
6868.15 166.531 7.1903
6858.48 394.963 7.11959
6841.21 622.958 7.05126
6816.35 850.262 6.98595
6783.94 1076.62 6.92433
6744.02 1301.79 6.86701
6696.61 1525.52 6.81462
6641.78 1747.55 6.76775
6579.59 1967.65 6.72697
6510.1 2185.56 6.69285
6433.38 2401.05 6.66589
6349.54 2613.88 6.6466
6258.64 2823.8 6.63542
6160.8 3030.59 6.6328
6056.12 3234.02 6.63912
5944.73 3433.86 6.65473
5826.73 3629.89 6.67994
5702.26 3821.88 6.71503
5571.46 4009.63 6.76021
5434.47 4192.93 6.81567
5291.44 4371.57 6.88155
5142.54 4545.36 6.95794
4987.92 4714.09 7.04488
4827.76 4877.59 7.14235
4662.24 5035.66 7.25032
4491.53 5188.14 7.36867
4315.83 5334.85 7.49725
4135.33 5475.63 7.63587
3950.24 5610.33 7.78427
3760.75 5738.78 7.94216
3567.08 5860.85 8.1092
3369.44 5976.41 8.285
3168.06 6085.31 8.46913
2963.15 6187.45 8.66111
2754.94 6282.7 8.86044
2543.67 6370.96 9.06655
2329.56 6452.14 9.27884
2112.87 6526.13 9.4967
1893.82 6592.86 9.71946
1672.67 6652.25 9.94642
1449.65 6704.24 10.1769
1225.02 6748.77 10.41
999.026 6785.78 10.6452
771.92 6815.24 10.8815
543.954 6837.11 11.1181
315.383 6851.37 11.3543
86.4599 6858 11.5892
-142.559 6857 11.822
-371.419 6848.36 12.0517
-599.866 6832.09 12.2776
-827.645 6808.22 12.4989
-1054.5 6776.76 12.7145
-1280.19 6737.76 12.9238
-1504.44 6691.26 13.1259
-1727.03 6637.3 13.32
-1947.69 6575.96 13.5053
-2166.18 6507.29 13.6809
-2382.25 6431.37 13.8463
-2595.68 6348.3 14.0006
-2806.21 6258.15 14.1432
-3013.63 6161.04 14.2734
-3217.68 6057.07 14.3906
-3418.15 5946.35 14.4941
-3614.82 5829.01 14.5835
-3807.46 5705.19 14.6583
-3995.87 5575.01 14.718
-4179.82 5438.63 14.7621
-4359.13 5296.19 14.7904
-4533.58 5147.86 14.8024
-4702.98 4993.8 14.798
-4867.16 4834.18 14.777
-5025.91 4669.19 14.7391
-5179.08 4498.99 14.6844
-5326.48 4323.8 14.6127
-5467.96 4143.79 14.524
-5603.35 3959.17 14.4185
-5732.51 3770.16 14.2963
-5855.3 3576.94 14.1575
-5971.57 3379.75 14.0024
-6081.21 3178.81 13.8312
-6184.08 2974.32 13.6444
-6280.08 2766.54 13.4423
-6369.1 2555.68 13.2254
-6451.04 2341.97 12.9942
-6525.82 2125.67 12.7492
-6593.34 1907 12.491
-6653.54 1686.22 12.2203
-6706.34 1463.56 11.9377
-6751.7 1239.28 11.6441
-6789.56 1013.62 11.3401
-6819.88 786.832 11.0265
-6842.63 559.174 10.7043
-6857.79 330.896 10.3742
-6865.33 102.25 10.0372
-6865.26 -126.51 9.69414
-6857.57 -355.129 9.346
-6842.27 -583.354 8.99373
-6819.38 -810.931 8.6383
-6788.93 -1037.61 8.28069
-6750.95 -1263.14 7.92189
-6705.48 -1487.27 7.5629
-6652.58 -1709.74 7.20471
-6592.31 -1930.33 6.84831
-6524.73 -2148.77 6.49469
-6449.92 -2364.84 6.14483
-6367.97 -2578.28 5.79969
-6278.96 -2788.87 5.46023
-6182.99 -2996.37 5.12737
-6080.18 -3200.55 4.80202
-5970.64 -3401.18 4.48507
-5854.49 -3598.05 4.17736
-5731.85 -3790.94 3.87972
-5602.87 -3979.63 3.59294
-5467.69 -4163.92 3.31777
-5326.47 -4343.6 3.05493
-5179.34 -4518.48 2.80508
-5026.49 -4688.35 2.56885
-4868.08 -4853.04 2.34683
-4704.28 -5012.37 2.13954
-4535.29 -5166.15 1.94748
-4361.27 -5314.22 1.77108
-4182.44 -5456.41 1.61071
-3998.98 -5592.57 1.46672
-3811.1 -5722.55 1.33937
-3619.01 -5846.21 1.22889
-3422.92 -5963.41 1.13543
-3223.05 -6074.01 1.05912
-3019.62 -6177.91 0.999991
-2812.85 -6274.98 0.958057
-2602.98 -6365.12 0.933255
-2390.22 -6448.23 0.925474
-2174.83 -6524.21 0.934545
-1957.04 -6592.99 0.960251
-1737.09 -6654.49 1.00232
-1515.22 -6708.65 1.06042
-1291.67 -6755.39 1.13419
-1066.7 -6794.68 1.22321
-840.551 -6826.46 1.327
-613.475 -6850.71 1.44506
-385.721 -6867.4 1.57683
-157.541 -6876.51 1.72173
70.8125 -6878.02 1.87911
299.088 -6871.94 2.04833
527.033 -6858.28 2.22867
754.397 -6837.05 2.41941
980.928 -6808.27 2.6198
1206.38 -6771.98 2.82906
1430.49 -6728.22 3.04639
1653.03 -6677.03 3.27098
1873.75 -6618.47 3.502
2092.39 -6552.6 3.73859
2308.73 -6479.5 3.97992
2522.52 -6399.25 4.22513
2733.52 -6311.94 4.47335
2941.51 -6217.66 4.72374
3146.25 -6116.52 4.97543
3347.51 -6008.63 5.2276
3545.09 -5894.1 5.47939
3738.75 -5773.06 5.73
3928.28 -5645.66 5.97862
4113.47 -5512.02 6.22446
4294.12 -5372.29 6.46677
4470.03 -5226.63 6.70481
4641.01 -5075.2 6.93786
4806.86 -4918.17 7.16526
4967.4 -4755.7 7.38635
5122.45 -4587.98 7.60053
5271.85 -4415.2 7.80722
5415.42 -4237.53 8.00588
5553.01 -4055.19 8.19603
5684.46 -3868.36 8.3772
5809.64 -3677.26 8.54899
5928.39 -3482.09 8.71104
6040.59 -3283.08 8.86303
6146.11 -3080.43 9.00468
6244.84 -2874.38 9.13577
6336.66 -2665.16 9.25613
6421.48 -2452.98 9.36563
6499.19 -2238.1 9.46419
6569.72 -2020.73 9.55177
6632.98 -1801.14 9.62841
6688.9 -1579.55 9.69415
6737.42 -1356.21 9.74912
6778.48 -1131.37 9.79348
6812.04 -905.28 9.82742
6838.07 -678.187 9.8512
6856.52 -450.343 9.86511
6867.38 -222.001 9.86947
6870.63 6.58716 9.86466
6866.28 235.168 9.8511
6854.32 463.488 9.82922
6834.76 691.295 9.7995
6807.63 918.336 9.76246
6772.96 1144.36 9.71863
6730.78 1369.11 9.66857
6681.14 1592.35 9.61289
6624.1 1813.82 9.55217
6559.7 2033.28 9.48707
6488.04 2250.49 9.41821
6409.17 2465.2 9.34626
6323.2 2677.17 9.27188
6230.21 2886.17 9.19575
6130.31 3091.97 9.11853
6023.6 3294.34 9.04091
5910.21 3493.06 8.96357
5790.25 3687.89 8.88717
5663.87 3878.63 8.81237
5531.2 4065.06 8.73981
5392.38 4246.98 8.67015
5247.58 4424.18 8.60398
5096.94 4596.47 8.54192
4940.65 4763.65 8.48453
4778.86 4925.53 8.43237
4611.76 5081.94 8.38594
4439.54 5232.71 8.34576
4262.38 5377.65 8.31227
4080.48 5516.62 8.2859
3894.05 5649.45 8.26703
3703.28 5776.01 8.25602
3508.4 5896.14 8.25317
3309.62 6009.71 8.25876
3107.15 6116.59 8.273
2901.23 6216.67 8.29607
2692.08 6309.84 8.32811
2479.93 6395.98 8.36921
2265.03 6475.01 8.41941
2047.6 6546.83 8.4787
1827.89 6611.37 8.54703
1606.16 6668.55 8.62431
1382.63 6718.3 8.71039
1157.56 6760.58 8.80507
931.208 6795.33 8.90811
703.816 6822.51 9.01924
475.641 6842.1 9.13811
246.936 6854.08 9.26437
17.956 6858.42 9.39758
-211.044 6855.12 9.53731
-439.809 6844.19 9.68306
-668.085 6825.64 9.8343
-895.616 6799.49 9.99046
-1122.15 6765.76 10.1509
-1347.44 6724.51 10.3151
-1571.22 6675.76 10.4823
-1793.25 6619.58 10.6519
-2013.29 6556.03 10.8232
-2231.09 6485.17 10.9953
-2446.4 6407.1 11.1677
-2658.99 6321.89 11.3395
-2868.61 6229.64 11.51
-3075.05 6130.45 11.6784
-3278.05 6024.44 11.8439
-3477.41 5911.72 12.0057
-3672.9 5792.41 12.1632
-3864.3 5666.66 12.3154
-4051.39 5534.6 12.4616
-4233.98 5396.38 12.6011
-4411.85 5252.15 12.7331
-4584.81 5102.07 12.857
-4752.67 4946.32 12.9719
-4915.24 4785.06 13.0773
-5072.34 4618.48 13.1725
-5223.79 4446.75 13.2568
-5369.43 4270.08 13.3297
-5509.1 4088.66 13.3906
-5642.64 3902.69 13.439
-5769.91 3712.38 13.4744
-5890.75 3517.94 13.4963
-6005.05 3319.59 13.5045
-6112.66 3117.54 13.4985
-6213.48 2912.03 13.478
-6307.4 2703.29 13.4427
-6394.3 2491.53 13.3926
-6474.09 2277.01 13.3274
-6546.69 2059.96 13.2469
-6612.02 1840.62 13.1513
-6669.99 1619.23 13.0404
-6720.56 1396.05 12.9144
-6763.67 1171.32 12.7733
-6799.26 945.28 12.6174
-6827.3 718.196 12.4468
-6847.76 490.314 12.2618
-6860.62 261.888 12.0627
-6865.87 33.1709 11.85
-6863.49 -195.582 11.624
-6853.5 -424.119 11.3853
-6835.91 -652.184 11.1343
-6810.73 -879.526 10.8717
-6778 -1105.89 10.598
-6737.75 -1331.03 10.314
-6690.03 -1554.7 10.0202
-6634.89 -1776.64 9.71753
-6572.4 -1996.61 9.40668
-6502.63 -2214.36 9.08846
-6425.65 -2429.67 8.76373
-6341.55 -2642.28 8.43334
-6250.42 -2851.96 8.09819
-6152.37 -3058.49 7.75919
-6047.51 -3261.63 7.41727
-5935.95 -3461.15 7.07338
-5817.82 -3656.85 6.72848
-5693.25 -3848.49 6.38352
-5562.38 -4035.88 6.03949
-5425.35 -4218.8 5.69737
-5282.32 -4397.05 5.35811
-5133.44 -4570.44 5.0227
-4978.89 -4738.77 4.69209
-4818.82 -4901.86 4.36723
-4653.43 -5059.53 4.04905
-4482.89 -5211.6 3.73847
-4307.4 -5357.91 3.43639
-4127.14 -5498.3 3.14368
-3942.32 -5632.61 2.86118
-3753.14 -5760.69 2.5897
-3559.82 -5882.41 2.33002
-3362.56 -5997.62 2.08289
-3161.59 -6106.21 1.84902
-2957.12 -6208.05 1.62906
-2749.38 -6303.04 1.42365
-2538.61 -6391.06 1.23335
-2325.04 -6472.02 1.05871
-2108.89 -6545.84 0.900199
-1890.42 -6612.42 0.758249
-1669.86 -6671.71 0.633239
-1447.45 -6723.62 0.525496
-1223.45 -6768.12 0.435291
-998.098 -6805.14 0.36284
-771.643 -6834.64 0.308304
-544.336 -6856.61 0.271786
-316.427 -6871 0.253335
-88.1699 -6877.81 0.252941
140.185 -6877.03 0.270539
368.385 -6868.65 0.306007
596.179 -6852.7 0.359168
823.314 -6829.18 0.42979
1049.54 -6798.13 0.517587
1274.61 -6759.57 0.62222
1498.27 -6713.55 0.7433
1720.28 -6660.13 0.880385
1940.39 -6599.35 1.03299
2158.36 -6531.29 1.20057
2373.94 -6456.02 1.38256
2586.91 -6373.63 1.57833
2797.02 -6284.2 1.78722
3004.05 -6187.84 2.00853
3207.75 -6084.64 2.24153
3407.92 -5974.73 2.48544
3604.33 -5858.23 2.73948
3796.76 -5735.26 3.00282
3984.99 -5605.95 3.27461
4168.83 -5470.46 3.55399
4348.06 -5328.93 3.84008
4522.5 -5181.52 4.13196
4691.94 -5028.38 4.42875
4856.2 -4869.69 4.72951
5015.09 -4705.63 5.03332
5168.45 -4536.36 5.33927
5316.1 -4362.09 5.64642
5457.88 -4183 5.95388
5593.62 -3999.28 6.26072
5723.19 -3811.15 6.56605
5846.43 -3618.81 6.869
5963.22 -3422.47 7.1687
6073.41 -3222.34 7.4643
6176.89 -3018.66 7.75499
6273.54 -2811.63 8.03998
6363.26 -2601.5 8.31851
6445.94 -2388.49 8.58984
6521.49 -2172.84 8.85328
6589.83 -1954.79 9.10817
6650.88 -1734.58 9.35389
6704.58 -1512.44 9.58985
6750.85 -1288.64 9.81553
6789.66 -1063.4 10.0304
6820.95 -836.995 10.2341
6844.7 -609.659 10.4261
6860.86 -381.648 10.6062
6869.43 -153.215 10.7739
6870.4 75.3882 10.9291
6863.75 303.908 11.0716
6849.5 532.091 11.2012
6827.67 759.685 11.3178
6798.27 986.437 11.4213
6761.33 1212.1 11.5118
6716.91 1436.41 11.5893
6665.04 1659.13 11.6539
6605.77 1880.02 11.7057
6539.19 2098.82 11.745
6465.35 2315.29 11.772
6384.34 2529.19 11.787
6296.25 2740.29 11.7903
6201.18 2948.35 11.7823
6099.22 3153.14 11.7633
5990.5 3354.43 11.734
5875.12 3551.99 11.6947
5753.23 3745.61 11.6459
5624.94 3935.07 11.5883
5490.42 4120.17 11.5224
5349.79 4300.68 11.4488
5203.22 4476.42 11.3682
5050.87 4647.19 11.2812
4892.91 4812.8 11.1884
4729.51 4973.05 11.0907
4560.86 5127.78 10.9885
4387.14 5276.82 10.8828
4208.54 5419.98 10.7741
4025.26 5557.12 10.6632
3837.51 5688.08 10.5508
3645.49 5812.72 10.4376
3449.42 5930.89 10.3244
3249.51 6042.47 10.2117
3045.98 6147.32 10.1003
2839.07 6245.34 9.99094
2629 6336.41 9.88414
2416 6420.42 9.78056
2200.32 6497.3 9.68081
1982.19 6566.94 9.58546
1761.85 6629.28 9.49505
1539.55 6684.23 9.4101
1315.53 6731.75 9.33108
1090.05 6771.77 9.25845
863.363 6804.26 9.19261
635.71 6829.17 9.13392
407.35 6846.47 9.08272
178.536 6856.16 9.03929
-50.4772 6858.21 9.00386
-279.434 6852.62 8.97664
-508.079 6839.4 8.95778
-736.159 6818.57 8.94738
-963.419 6790.14 8.9455
-1189.61 6754.15 8.95215
-1414.47 6710.64 8.96731
-1637.76 6659.66 8.99088
-1859.22 6601.26 9.02274
-2078.61 6535.51 9.06272
-2295.69 6462.48 9.1106
-2510.21 6382.25 9.16612
-2721.94 6294.92 9.22898
-2930.63 6200.58 9.29881
-3136.07 6099.33 9.37525
-3338.01 5991.29 9.45786
-3536.23 5876.58 9.54618
-3730.51 5755.32 9.63972
-3920.65 5627.66 9.73793
-4106.41 5493.73 9.84027
-4287.61 5353.69 9.94615
-4464.03 5207.68 10.0549
-4635.49 5055.88 10.166
-4801.78 4898.45 10.2787
-4962.73 4735.57 10.3924
-5118.16 4567.42 10.5063
-5267.89 4394.18 10.6197
-5411.76 4216.06 10.7321
-5549.61 4033.25 10.8425
-5681.28 3845.94 10.9504
-5806.64 3654.36 11.055
-5925.53 3458.72 11.1555
-6037.84 3259.23 11.2514
-6143.43 3056.11 11.3418
-6242.19 2849.59 11.4261
-6334.01 2639.91 11.5037
-6418.78 2427.29 11.5738
-6496.43 2211.98 11.6359
-6566.85 1994.2 11.6894
-6629.97 1774.21 11.7337
-6685.73 1552.25 11.7682
-6734.06 1328.56 11.7925
-6774.91 1103.4 11.806
-6808.23 877.01 11.8083
-6834 649.648 11.7991
-6852.17 421.565 11.7779
-6862.74 193.014 11.7445
-6865.69 -35.7514 11.6986
-6861.02 -264.477 11.6399
-6848.73 -492.909 11.5683
-6828.85 -720.794 11.4837
-6801.39 -947.879 11.386
-6766.38 -1173.91 11.2752
-6723.88 -1398.64 11.1512
-6673.91 -1621.82 11.0142
-6616.54 -1843.21 10.8643
-6551.85 -2062.54 10.7016
-6479.88 -2279.6 10.5265
-6400.74 -2494.12 10.3392
-6314.5 -2705.88 10.1399
-6221.27 -2914.65 9.92917
-6121.15 -3120.18 9.70734
-6014.25 -3322.26 9.47491
-5900.68 -3520.66 9.23239
-5780.59 -3715.16 8.98035
-5654.09 -3905.55 8.71939
-5521.34 -4091.62 8.45017
-5382.47 -4273.15 8.17335
-5237.65 -4449.96 7.88967
-5087.03 -4621.84 7.59987
-4930.79 -4788.61 7.30473
-4769.09 -4950.09 7.00507
-4602.12 -5106.08 6.70172
-4430.05 -5256.44 6.39555
-4253.09 -5400.98 6.08742
-4071.43 -5539.54 5.77823
-3885.26 -5671.99 5.46889
-3694.8 -5798.16 5.16032
-3500.26 -5917.93 4.85344
-3301.85 -6031.15 4.54918
-3099.79 -6137.71 4.24846
-2894.31 -6237.49 3.95221
-2685.62 -6330.38 3.66135
-2473.97 -6416.28 3.37679
-2259.59 -6495.09 3.09942
-2042.72 -6566.72 2.83013
-1823.58 -6631.11 2.56976
-1602.44 -6688.17 2.31917
-1379.52 -6737.84 2.07916
-1155.08 -6780.08 1.85051
-929.364 -6814.83 1.63399
-702.622 -6842.05 1.4303
-475.105 -6861.73 1.24014
-247.064 -6873.83 1.06413
-18.7497 -6878.34 0.902896
209.585 -6875.26 0.756982
437.689 -6864.59 0.626903
665.31 -6846.34 0.513123
892.196 -6820.54 0.416058
1118.1 -6787.21 0.336072
1342.77 -6746.39 0.273476
1565.95 -6698.12 0.228528
1787.41 -6642.47 0.201432
2006.9 -6579.48 0.192336
2224.17 -6509.23 0.201333
2438.98 -6431.79 0.228459
2651.11 -6347.26 0.273692
2860.31 -6255.72 0.336955
3066.35 -6157.28 0.418114
3269 -6052.05 0.516981
3468.05 -5940.13 0.633309
3663.28 -5821.66 0.766798
3854.45 -5696.76 0.917095
4041.38 -5565.57 1.08379
4223.84 -5428.24 1.26644
4401.64 -5284.91 1.46452
4574.58 -5135.75 1.67749
4742.46 -4980.92 1.90474
4905.11 -4820.59 2.14562
5062.35 -4654.94 2.39946
5213.99 -4484.15 2.66553
5359.88 -4308.4 2.94306
5499.85 -4127.9 3.23126
5633.74 -3942.83 3.52931
5761.4 -3753.41 3.83633
5882.7 -3559.84 4.15146
5997.5 -3362.34 4.47379
6105.68 -3161.12 4.80239
6207.1 -2956.41 5.13633
6301.67 -2748.44 5.47464
6389.26 -2537.42 5.81638
6469.8 -2323.6 6.16057
6543.18 -2107.21 6.50623
6609.32 -1888.48 6.8524
6668.16 -1667.67 7.19811
6719.62 -1445.02 7.5424
6763.64 -1220.77 7.88431
6800.18 -995.161 8.22292
6829.2 -768.456 8.55729
6850.66 -540.9 8.88654
6864.53 -312.745 9.20978
6870.81 -84.2441 9.52616
6869.48 144.35 9.83486
6860.54 372.785 10.1351
6844.01 600.806 10.4261
6819.89 828.163 10.7071
6788.22 1054.6 10.9776
6749.02 1279.87 11.2367
6702.35 1503.72 11.484
6648.25 1725.91 11.7189
6586.78 1946.18 11.9408
6518 2164.3 12.1494
6442 2380.01 12.3442
6358.86 2593.09 12.5248
6268.66 2803.29 12.691
6171.5 3010.37 12.8425
6067.5 3214.12 12.9791
5956.77 3414.31 13.1006
5839.43 3610.7 13.207
5715.6 3803.09 13.2983
5585.43 3991.25 13.3744
5449.05 4174.98 13.4354
5306.63 4354.08 13.4814
5158.31 4528.34 13.5126
5004.26 4697.57 13.5293
4844.66 4861.58 13.5317
4679.67 5020.19 13.5201
4509.48 5173.22 13.4948
4334.28 5320.5 13.4564
4154.26 5461.87 13.4052
3969.62 5597.17 13.3417
3780.57 5726.24 13.2665
3587.31 5848.95 13.1801
3390.07 5965.15 13.0832
3189.06 6074.72 12.9763
2984.5 6177.53 12.8602
2776.62 6273.47 12.7354
2565.65 6362.43 12.6028
2351.82 6444.31 12.463
2135.38 6519.02 12.3167
1916.56 6586.48 12.1648
1695.61 6646.6 12.008
1472.78 6699.33 11.847
1248.3 6744.61 11.6827
1022.44 6782.37 11.5158
795.432 6812.59 11.3471
567.543 6835.22 11.1773
339.022 6850.24 11.0072
110.123 6857.63 10.8376
-118.898 6857.39 10.6691
-347.786 6849.51 10.5025
-576.288 6834.01 10.3386
-804.147 6810.9 10.1778
-1031.11 6780.2 10.0209
-1256.93 6741.95 9.86858
-1481.34 6696.19 9.7213
-1704.11 6642.98 9.57963
-1924.98 6582.36 9.4441
-2143.7 6514.42 9.31519
-2360.04 6439.22 9.19332
-2573.75 6356.86 9.07888
-2784.59 6267.41 8.97224
-2992.33 6170.98 8.8737
-3196.74 6067.68 8.78351
-3397.59 5957.63 8.70191
-3594.66 5840.94 8.62906
-3787.72 5717.75 8.56509
-3976.57 5588.19 8.51007
-4160.99 5452.41 8.46403
-4340.78 5310.55 8.42696
-4515.73 5162.79 8.3988
-4685.66 5009.28 8.37943
-4850.37 4850.19 8.3687
-5009.69 4685.71 8.36641
-5163.43 4516.01 8.37232
-5311.42 4341.28 8.38614
-5453.5 4161.73 8.40754
-5589.51 3977.54 8.43615
-5719.31 3788.93 8.47157
-5842.74 3596.1 8.51337
-5959.68 3399.27 8.56106
-6069.98 3198.66 8.61414
-6173.54 2994.5 8.67208
-6270.23 2787 8.73431
-6359.94 2576.4 8.80025
-6442.59 2362.95 8.8693
-6518.08 2146.86 8.94081
-6586.32 1928.39 9.01416
-6647.24 1707.77 9.08869
-6700.77 1485.25 9.16373
-6746.86 1261.09 9.23862
-6785.45 1035.53 9.31266
-6816.51 808.809 9.3852
-6840 581.195 9.45554
-6855.89 352.936 9.52303
-6864.16 124.284 9.587
-6864.82 -104.505 9.6468
-6857.86 -333.179 9.70178
-6843.29 -561.483 9.75135
-6821.12 -789.164 9.79488
-6791.38 -1015.97 9.83182
-6754.11 -1241.65 9.86159
-6709.35 -1465.95 9.88369
-6657.15 -1688.62 9.89762
-6597.57 -1909.43 9.90291
-6530.67 -2128.11 9.89914
-6456.53 -2344.44 9.88593
-6375.24 -2558.16 9.86292
-6286.88 -2769.06 9.8298
-6191.55 -2976.88 9.78631
-6089.37 -3181.41 9.73222
-5980.44 -3382.41 9.66736
-5864.89 -3579.67 9.59159
-5742.84 -3772.96 9.50483
-5614.43 -3962.07 9.40704
-5479.81 -4146.8 9.29824
-5339.13 -4326.94 9.17849
-5192.53 -4502.29 9.04788
-5040.19 -4672.65 8.90659
-4882.27 -4837.85 8.75482
-4718.95 -4997.7 8.59282
-4550.41 -5152.01 8.42089
-4376.84 -5300.63 8.23939
-4198.43 -5443.39 8.0487
-4015.38 -5580.12 7.84927
-3827.89 -5710.69 7.64157
-3636.16 -5834.95 7.42614
-3440.42 -5952.75 7.20353
-3240.88 -6063.98 6.97434
-3037.75 -6168.51 6.73922
-2831.27 -6266.22 6.49883
-2621.66 -6357 6.25387
-2409.15 -6440.77 6.00508
-2193.98 -6517.42 5.7532
-1976.39 -6586.87 5.49904
-1756.62 -6649.04 5.24337
-1534.9 -6703.87 4.98703
-1311.49 -6751.3 4.73085
-1086.64 -6791.28 4.47567
-860.581 -6823.76 4.22236
-633.574 -6848.7 3.97176
-405.868 -6866.08 3.72475
-177.714 -6875.88 3.48219
50.6363 -6878.1 3.24494
278.931 -6872.72 3.01385
506.917 -6859.75 2.78975
734.344 -6839.22 2.57349
960.961 -6811.13 2.36587
1186.52 -6775.53 2.16768
1410.76 -6732.45 1.97969
1633.45 -6681.94 1.80265
1854.34 -6624.05 1.63727
2073.18 -6558.86 1.48423
2289.73 -6486.42 1.34418
2503.76 -6406.83 1.21775
2715.02 -6320.17 1.10549
2923.29 -6226.53 1.00794
3128.33 -6126.02 0.925595
3329.92 -6018.75 0.858894
3527.83 -5904.84 0.808235
3721.85 -5784.4 0.773964
3911.76 -5657.59 0.756378
4097.35 -5524.53 0.755721
4278.42 -5385.37 0.772186
4454.76 -5240.26 0.80591
4626.19 -5089.37 0.856976
4792.51 -4932.86 0.925412
4953.54 -4770.9 1.01119
5109.1 -4603.68 1.11423
5259.02 -4431.37 1.23438
5403.12 -4254.16 1.37146
5541.26 -4072.26 1.52521
5673.28 -3885.86 1.69533
5799.04 -3695.17 1.88146
5918.38 -3500.39 2.08319
6031.19 -3301.75 2.30006
6137.33 -3099.46 2.53155
6236.69 -2893.74 2.77711
6329.15 -2684.82 3.03612
6414.62 -2472.94 3.30795
6493 -2258.32 3.59188
6564.2 -2041.21 3.88719
6628.14 -1821.84 4.1931
6684.75 -1600.45 4.50881
6733.97 -1377.3 4.83348
6775.74 -1152.62 5.16624
6810.01 -926.662 5.50618
6836.74 -699.682 5.8524
6855.91 -471.927 6.20394
6867.49 -243.65 6.55985
6871.47 -15.1035 6.91917
6867.85 213.46 7.28089
6856.61 441.787 7.64403
6837.79 669.625 8.0076
6811.39 896.721 8.3706
6777.44 1122.82 8.73203
6735.99 1347.68 9.09091
6687.07 1571.05 9.44626
6630.74 1792.67 9.79711
6567.07 2012.31 10.1425
6496.11 2229.72 10.4815
6417.95 2444.65 10.8133
6332.67 2656.87 11.1369
6240.37 2866.15 11.4514
6141.14 3072.25 11.7561
6035.11 3274.94 12.0502
5922.37 3473.99 12.3328
5803.07 3669.19 12.6034
5677.32 3860.32 12.8612
5545.27 4047.17 13.1056
5407.07 4229.51 13.3361
5262.86 4407.17 13.552
5112.8 4579.93 13.7529
4957.07 4747.6 13.9384
4795.83 4910 14.1081
4629.26 5066.94 14.2616
4457.55 5218.25 14.3988
4280.89 5363.77 14.5193
4099.47 5503.32 14.623
3913.49 5636.76 14.7098
3723.16 5763.93 14.7796
3528.69 5884.69 14.8326
3330.3 5998.91 14.8686
3128.2 6106.45 14.8878
2922.62 6207.21 14.8905
2713.8 6301.06 14.8768
2501.95 6387.9 14.847
2287.32 6467.64 14.8014
2070.15 6540.17 14.7404
1850.67 6605.44 14.6644
1629.14 6663.35 14.574
1405.79 6713.84 14.4695
1180.87 6756.86 14.3516
954.643 6792.37 14.2209
727.351 6820.31 14.0779
499.25 6840.66 13.9234
270.594 6853.39 13.7581
41.6356 6858.49 13.5826
-187.369 6855.96 13.3978
-416.164 6845.79 13.2043
-644.497 6828 13.0031
-872.111 6802.61 12.7949
-1098.75 6769.64 12.5805
-1324.17 6729.14 12.3608
-1548.12 6681.14 12.1365
-1770.34 6625.7 11.9087
-1990.59 6562.88 11.678
-2208.62 6492.75 11.4454
-2424.2 6415.39 11.2117
-2637.07 6330.89 10.9776
-2847.01 6239.34 10.7441
-3053.77 6140.84 10.512
-3257.14 6035.5 10.2819
-3456.88 5923.44 10.0546
-3652.77 5804.79 9.831
-3844.59 5679.67 9.61167
-4032.13 5548.23 9.39732
-4215.18 5410.61 9.1886
-4393.54 5266.97 8.98612
-4567.01 5117.46 8.79045
-4735.39 4962.26 8.60214
-4898.51 4801.53 8.42168
-5056.17 4635.46 8.24952
-5208.2 4464.23 8.08609
-5354.44 4288.03 7.93174
-5494.72 4107.06 7.7868
-5628.88 3921.52 7.65154
-5756.79 3731.62 7.52619
-5878.28 3537.56 7.41093
-5993.24 3339.57 7.30589
-6101.54 3137.87 7.21115
-6203.04 2932.68 7.12675
-6297.65 2724.22 7.05268
-6385.26 2512.74 6.98887
-6465.77 2298.46 6.93521
-6539.09 2081.63 6.89155
-6605.14 1862.48 6.85768
-6663.85 1641.26 6.83338
-6715.16 1418.22 6.81833
-6759 1193.6 6.81223
-6795.34 967.66 6.8147
-6824.12 740.642 6.82534
-6845.33 512.801 6.84371
-6858.93 284.391 6.86933
-6864.92 55.6644 6.9017
-6863.29 -173.124 6.94029
-6854.04 -401.72 6.98454
-6837.18 -629.871 7.03386
-6812.74 -857.322 7.08766
-6780.73 -1083.82 7.14531
-6741.21 -1309.12 7.20617
-6694.2 -1532.97 7.2696
-6639.77 -1755.11 7.33495
-6577.98 -1975.31 7.40153
-6508.89 -2193.32 7.4687
-6432.59 -2408.9 7.53579
-6349.16 -2621.81 7.60212
-6258.69 -2831.81 7.66704
-6161.28 -3038.68 7.7299
-6057.05 -3242.17 7.79007
-5946.11 -3442.08 7.84693
-5828.58 -3638.17 7.89986
-5704.6 -3830.24 7.94828
-5574.3 -4018.06 7.99163
-5437.83 -4201.44 8.02937
-5295.34 -4380.16 8.06101
-5146.99 -4554.04 8.08604
-4992.95 -4722.87 8.10404
-4833.37 -4886.48 8.1146
-4668.46 -5044.68 8.11732
-4498.37 -5197.31 8.11189
-4323.31 -5344.18 8.098
-4143.47 -5485.14 8.07541
-3959.05 -5620.04 8.04389
-3770.25 -5748.72 8.00328
-3577.28 -5871.05 7.95345
-3380.36 -5986.89 7.89434
-3179.7 -6096.11 7.8259
-2975.53 -6198.59 7.74816
-2768.07 -6294.23 7.66118
-2557.55 -6382.91 7.56506
-2344.21 -6464.53 7.45995
-2128.27 -6539.02 7.34608
-1909.99 -6606.28 7.22367
-1689.6 -6666.24 7.09302
-1467.34 -6718.84 6.95447
-1243.46 -6764.03 6.8084
-1018.2 -6801.74 6.65523
-791.825 -6831.94 6.49543
-564.574 -6854.6 6.32948
-336.699 -6869.69 6.15793
-108.453 -6877.2 5.98135
119.913 -6877.11 5.80035
348.146 -6869.44 5.61555
575.995 -6854.18 5.42763
803.208 -6831.36 5.23726
1029.53 -6800.99 5.04517
1254.72 -6763.12 4.85208
1478.53 -6717.78 4.65874
1700.7 -6665.03 4.46591
1921 -6604.93 4.27439
2139.18 -6537.53 4.08493
2354.99 -6462.92 3.89835
2568.21 -6381.18 3.71542
2778.59 -6292.4 3.53695
2985.9 -6196.67 3.36372
3189.92 -6094.1 3.19651
3390.42 -5984.8 3.0361
3587.18 -5868.9 2.88323
3779.98 -5746.52 2.73867
3968.6 -5617.8 2.60312
4152.85 -5482.87 2.47729
4332.51 -5341.9 2.36186
4507.38 -5195.02 2.25747
4677.28 -5042.41 2.16474
4842.02 -4884.24 2.08426
5001.41 -4720.67 2.01658
5155.28 -4551.89 1.96221
5303.45 -4378.08 1.92161
5445.77 -4199.43 1.89521
5582.07 -4016.15 1.88341
5712.21 -3828.43 1.88653
5836.04 -3636.48 1.90487
5953.41 -3440.52 1.93867
6064.22 -3240.75 1.98811
6168.32 -3037.4 2.05334
6265.6 -2830.7 2.13444
6355.96 -2620.86 2.23144
6439.29 -2408.13 2.34433
6515.5 -2192.74 2.47301
6584.51 -1974.92 2.61737
6646.24 -1754.92 2.77723
6700.62 -1532.98 2.95233
6747.59 -1309.34 3.14239
6787.1 -1084.25 3.34707
6819.09 -857.969 3.56596
6843.54 -630.735 3.79863
6860.42 -402.802 4.04456
6869.71 -174.424 4.30323
6871.39 54.1479 4.57403
6865.46 282.66 4.85632
6851.93 510.858 5.14944
6830.82 738.491 5.45265
6802.14 965.306 5.76521
6765.92 1191.05 6.08631
6722.21 1415.48 6.41513
6671.05 1638.34 6.75081
6612.5 1859.38 7.09247
6546.61 2078.36 7.43919
6473.48 2295.04 7.79005
6393.16 2509.17 8.14409
6305.76 2720.52 8.50035
6211.36 2928.85 8.85785
6110.07 3133.94 9.21561
6002.01 3335.55 9.57263
5887.28 3533.46 9.92793
5766.02 3727.44 10.2805
5638.37 3917.29 10.6294
5504.45 4102.79 10.9736
5364.43 4283.74 11.3121
5218.44 4459.93 11.6441
5066.67 4631.17 11.9685
4909.26 4797.27 12.2845
4746.41 4958.03 12.5911
4578.28 5113.29 12.8876
4405.06 5262.87 13.173
4226.95 5406.6 13.4467
4044.14 5544.32 13.7078
3856.84 5675.88 13.9556
3665.25 5801.13 14.1895
3469.58 5919.93 14.4089
3270.06 6032.15 14.613
3066.9 6137.66 14.8015
2860.33 6236.35 14.9737
2650.58 6328.1 15.1294
2437.88 6412.81 15.2681
2222.46 6490.38 15.3894
2004.58 6560.74 15.4931
1784.47 6623.8 15.579
1562.37 6679.48 15.647
1338.53 6727.74 15.6969
1113.2 6768.5 15.7286
886.629 6801.73 15.7423
659.075 6827.39 15.7379
430.786 6845.46 15.7156
202.018 6855.9 15.6756
-26.9745 6858.71 15.6181
-255.937 6853.88 15.5434
-484.615 6841.42 15.4519
-712.754 6821.35 15.344
-940.098 6793.68 15.22
-1166.4 6758.44 15.0806
-1391.4 6715.68 14.9262
-1614.85 6665.44 14.7575
-1836.5 6607.78 14.575
-2056.1 6542.76 14.3794
-2273.42 6470.46 14.1715
-2488.21 6390.95 13.952
-2700.22 6304.32 13.7216
-2909.23 6210.67 13.4812
-3114.99 6110.11 13.2316
-3317.29 6002.74 12.9736
-3515.9 5888.69 12.7081
-3710.59 5768.08 12.436
-3901.15 5641.05 12.1581
-4087.36 5507.74 11.8755
-4269.03 5368.3 11.5889
-4445.94 5222.88 11.2993
-4617.9 5071.65 11.0077
-4784.73 4914.77 10.7149
-4946.22 4752.42 10.4218
-5102.21 4584.78 10.1294
-5252.52 4412.04 9.83842
-5396.99 4234.38 9.54983
-5535.45 4052.02 9.26443
-5667.75 3865.15 8.98306
-5793.75 3673.97 8.7065
-5913.3 3478.71 8.43551
-6026.27 3279.58 8.17083
-6132.54 3076.81 7.91315
-6231.99 2870.61 7.66314
-6324.51 2661.21 7.42143
-6410 2448.86 7.18859
-6488.36 2233.79 6.96517
-6559.5 2016.23 6.75168
-6623.36 1796.44 6.54855
-6679.85 1574.64 6.35621
-6728.92 1351.1 6.17502
-6770.52 1126.05 6.00527
-6804.59 899.755 5.84724
-6831.1 672.459 5.70114
-6850.03 444.415 5.56713
-6861.35 215.879 5.44532
-6865.05 -12.8977 5.33577
-6861.13 -241.66 5.2385
-6849.59 -470.154 5.15346
-6830.45 -698.126 5.08058
-6803.73 -925.324 5.01971
-6769.46 -1151.49 4.97067
-6727.68 -1376.39 4.93323
-6678.44 -1599.76 4.90712
-6621.78 -1821.35 4.89203
-6557.79 -2040.92 4.8876
-6486.52 -2258.23 4.89342
-6408.07 -2473.04 4.90907
-6322.51 -2685.1 4.93408
-6229.94 -2894.19 4.96794
-6130.47 -3100.07 5.01012
-6024.2 -3302.52 5.06006
-5911.27 -3501.31 5.11717
-5791.78 -3696.22 5.18084
-5665.88 -3887.04 5.25044
-5533.7 -4073.55 5.32533
-5395.4 -4255.55 5.40484
-5251.13 -4432.85 5.4883
-5101.04 -4605.23 5.57502
-4945.31 -4772.52 5.66433
-4784.1 -4934.53 5.75553
-4617.6 -5091.07 5.84793
-4445.99 -5241.99 5.94086
-4269.47 -5387.1 6.03363
-4088.22 -5526.26 6.12557
-3902.45 -5659.31 6.21603
-3712.37 -5786.1 6.30437
-3518.18 -5906.49 6.38997
-3320.1 -6020.35 6.47222
-3118.35 -6127.55 6.55055
-2913.15 -6227.99 6.62441
-2704.74 -6321.54 6.69328
-2493.34 -6408.1 6.75665
-2279.18 -6487.59 6.81407
-2062.5 -6559.91 6.86512
-1843.55 -6624.98 6.9094
-1622.56 -6682.73 6.94657
-1399.77 -6733.1 6.97632
-1175.44 -6776.03 6.99837
-949.816 -6811.48 7.0125
-723.14 -6839.41 7.01853
-495.666 -6859.79 7.01631
-267.645 -6872.59 7.00575
-39.3282 -6877.81 6.9868
189.032 -6875.43 6.95946
417.183 -6865.46 6.92377
644.873 -6847.91 6.87982
871.852 -6822.8 6.82774
1097.87 -6790.16 6.76771
1322.67 -6750.03 6.69995
1546.01 -6702.45 6.62473
1767.65 -6647.46 6.54236
1987.34 -6585.14 6.45318
2204.83 -6515.56 6.35759
2419.89 -6438.78 6.25601
2632.28 -6354.89 6.14891
2841.76 -6264 6.03679
3048.1 -6166.18 5.92018
3251.09 -6061.56 5.79964
3450.48 -5950.26 5.67576
3646.06 -5832.38 5.54917
3837.62 -5708.06 5.4205
4024.95 -5577.45 5.29041
4207.82 -5440.68 5.15959
4386.06 -5297.9 5.02872
4559.45 -5149.27 4.89853
4727.81 -4994.96 4.76972
4890.95 -4835.13 4.64302
5048.69 -4669.96 4.51915
5200.85 -4499.64 4.39885
5347.27 -4324.35 4.28284
5487.78 -4144.28 4.17184
5622.23 -3959.63 4.06656
5750.48 -3770.61 3.9677
5872.36 -3577.42 3.87595
5987.77 -3380.29 3.79197
6096.55 -3179.41 3.71641
6198.6 -2975.03 3.6499
6293.8 -2767.35 3.59301
6382.04 -2556.62 3.54634
6463.23 -2343.06 3.51041
6537.27 -2126.91 3.48572
6604.09 -1908.41 3.47274
6663.6 -1687.8 3.47189
6715.74 -1465.33 3.48357
6760.46 -1241.23 3.50811
6797.7 -1015.76 3.54582
6827.42 -789.161 3.59694
6849.58 -561.693 3.66169
6864.16 -333.603 3.74021
6871.15 -105.144 3.83262
6870.53 123.431 3.93897
6862.31 351.87 4.05927
6846.48 579.92 4.19347
6823.08 807.327 4.34147
6792.12 1033.84 4.50311
6753.63 1259.21 4.6782
6707.67 1483.18 4.86648
6654.27 1705.51 5.06763
6593.5 1925.95 5.2813
6525.42 2144.26 5.50709
6450.11 2360.18 5.74452
6367.64 2573.5 5.99311
6278.12 2783.95 6.25229
6181.63 2991.32 6.52148
6078.29 3195.38 6.80002
5968.2 3395.89 7.08726
5851.5 3592.63 7.38246
5728.3 3785.38 7.68488
5598.74 3973.94 7.99372
5462.97 4158.08 8.30818
5321.14 4337.61 8.6274
5173.39 4512.32 8.95052
5019.91 4682.02 9.27663
4860.84 4846.52 9.60483
4696.38 5005.64 9.9342
4526.71 5159.2 10.2638
4352 5307.02 10.5926
4172.46 5448.95 10.9198
3988.28 5584.83 11.2443
3799.67 5714.49 11.5652
3606.83 5837.81 11.8815
3409.99 5954.64 12.1923
3209.35 6064.84 12.4966
3005.15 6168.31 12.7936
2797.6 6264.91 13.0823
2586.95 6354.55 13.3618
2373.41 6437.12 13.6313
2157.24 6512.52 13.8899
1938.67 6580.69 14.1368
1717.93 6641.53 14.3713
1495.29 6694.98 14.5927
1270.99 6740.99 14.8001
1045.27 6779.49 14.993
818.381 6810.44 15.1708
590.587 6833.82 15.3329
362.134 6849.59 15.4787
133.279 6857.74 15.6079
-95.7249 6858.25 15.7199
-324.622 6851.13 15.8144
-553.158 6836.38 15.8912
-781.078 6814.02 15.9499
-1008.13 6784.07 15.9903
-1234.06 6746.57 16.0124
-1458.61 6701.55 16.016
-1681.54 6649.08 16.0011
-1902.6 6589.2 15.9678
-2121.54 6521.99 15.916
-2338.12 6447.51 15.8461
-2552.09 6365.85 15.7581
-2763.22 6277.11 15.6523
-2971.28 6181.37 15.5292
-3176.02 6078.75 15.3889
-3377.23 5969.37 15.232
-3574.68 5853.34 15.0589
-3768.15 5730.79 14.8702
-3957.43 5601.86 14.6664
-4142.29 5466.69 14.4481
-4322.55 5325.44 14.2161
-4498 5178.25 13.9709
-4668.43 5025.31 13.7134
-4833.67 4866.77 13.4443
-4993.53 4702.81 13.1645
-5147.84 4533.62 12.8747
-5296.41 4359.38 12.5759
-5439.09 4180.3 12.2689
-5575.72 3996.56 11.9547
-5706.14 3808.37 11.6341
-5830.22 3615.95 11.3082
-5947.81 3419.5 10.9778
-6058.78 3219.25 10.644
-6163.01 3015.42 10.3076
-6260.39 2808.24 9.96979
-6350.81 2597.93 9.63136
-6434.17 2384.74 9.29334
-6510.37 2168.89 8.95665
-6579.34 1950.63 8.62225
-6640.99 1730.21 8.29104
-6695.26 1507.86 7.96394
-6742.09 1283.84 7.64182
-6781.43 1058.39 7.32554
-6813.24 831.759 7.01591
-6837.48 604.209 6.71375
-6854.12 375.988 6.41981
-6863.15 147.349 6.13482
-6864.56 -81.4534 5.85946
-6858.35 -310.165 5.59439
-6844.52 -538.533 5.34022
-6823.1 -766.303 5.0975
-6794.11 -993.222 4.86676
-6757.58 -1219.04 4.64846
-6713.55 -1443.5 4.44302
-6662.07 -1666.37 4.25081
-6603.2 -1887.38 4.07216
-6537.01 -2106.31 3.90734
-6463.57 -2322.89 3.75656
-6382.97 -2536.9 3.61998
-6295.29 -2748.1 3.49773
-6200.64 -2956.26 3.38985
-6099.11 -3161.13 3.29636
-5990.82 -3362.51 3.21722
-5875.9 -3560.16 3.15232
-5754.47 -3753.87 3.10153
-5626.66 -3943.42 3.06465
-5492.62 -4128.6 3.04144
-5352.51 -4309.21 3.03161
-5206.46 -4485.05 3.03482
-5054.65 -4655.92 3.05071
-4897.25 -4821.65 3.07885
-4734.43 -4982.03 3.11878
-4566.37 -5136.91 3.17001
-4393.26 -5286.1 3.23201
-4215.29 -5429.44 3.30421
-4032.65 -5566.78 3.38603
-3845.56 -5697.96 3.47684
-3654.21 -5822.84 3.576
-3458.82 -5941.29 3.68283
-3259.61 -6053.16 3.79666
-3056.79 -6158.34 3.91679
-2850.6 -6256.72 4.04249
-2641.26 -6348.18 4.17304
-2428.99 -6432.62 4.30771
-2214.04 -6509.96 4.44576
-1996.65 -6580.11 4.58645
-1777.05 -6642.98 4.72905
-1555.49 -6698.52 4.87283
-1332.2 -6746.65 5.01707
-1107.45 -6787.34 5.16104
-881.475 -6820.53 5.30407
-654.525 -6846.18 5.44546
-426.852 -6864.28 5.58455
-198.708 -6874.8 5.7207
29.6551 -6877.72 5.8533
257.986 -6873.05 5.98177
486.031 -6860.79 6.10554
713.54 -6840.96 6.22408
940.261 -6813.58 6.33691
1165.94 -6778.67 6.44357
1390.34 -6736.29 6.54364
1613.2 -6686.46 6.63673
1834.28 -6629.26 6.72251
2053.34 -6564.73 6.80068
2270.13 -6492.96 6.87099
2484.41 -6414.03 6.93321
2695.95 -6328.01 6.9872
2904.51 -6235.01 7.03281
3109.87 -6135.13 7.06999
3311.8 -6028.47 7.0987
3510.07 -5915.16 7.11895
3704.46 -5795.32 7.1308
3894.76 -5669.09 7.13437
4080.77 -5536.59 7.12981
4262.27 -5397.99 7.1173
4439.06 -5253.42 7.09709
4610.96 -5103.05 7.06946
4777.76 -4947.05 7.03473
4939.28 -4785.59 6.99325
5095.36 -4618.84 6.94544
5245.8 -4446.99 6.89172
5390.45 -4270.23 6.83255
5529.15 -4088.76 6.76845
5661.74 -3902.76 6.69993
5788.08 -3712.46 6.62756
5908.02 -3518.06 6.55192
6021.43 -3319.77 6.47361
6128.19 -3117.81 6.39325
6228.18 -2912.4 6.31149
6321.29 -2703.78 6.22898
6407.41 -2492.17 6.14638
6486.44 -2277.8 6.06438
6558.31 -2060.92 5.98365
6622.92 -1841.75 5.90487
6680.21 -1620.55 5.82873
6730.11 -1397.56 5.75591
6772.57 -1173.02 5.68706
6807.54 -947.188 5.62287
6834.98 -720.304 5.56397
6854.85 -492.624 5.511
6867.14 -264.399 5.46457
6871.83 -35.8805 5.42528
6868.91 192.677 5.39369
6858.39 421.022 5.37034
6840.27 648.901 5.35576
6814.58 876.061 5.35041
6781.35 1102.25 5.35474
6740.6 1327.22 5.36916
6692.38 1550.72 5.39405
6636.75 1772.5 5.42973
6573.76 1992.32 5.47649
6503.49 2209.92 5.53457
6426.01 2425.08 5.60417
6341.41 2637.55 5.68545
6249.77 2847.1 5.7785
6151.2 3053.49 5.88338
6045.82 3256.49 6.0001
5933.72 3455.88 6.1286
5815.04 3651.44 6.26881
5689.91 3842.94 6.42056
5558.47 4030.18 6.58367
5420.85 4212.95 6.75789
5277.22 4391.04 6.94292
5127.73 4564.25 7.13843
4972.55 4732.4 7.34402
4811.84 4895.29 7.55924
4645.79 5052.75 7.78363
4474.58 5204.59 8.01664
4298.4 5350.65 8.25772
4117.44 5490.77 8.50624
3931.91 5624.78 8.76156
3742.01 5752.55 9.02299
3547.95 5873.92 9.28982
3349.94 5988.76 9.56129
3148.21 6096.94 9.83663
2942.98 6198.34 10.115
2734.48 6292.85 10.3956
2522.94 6380.37 10.6776
2308.59 6460.78 10.9601
2091.67 6534.02 11.2423
1872.43 6599.98 11.5231
1651.1 6658.6 11.8018
1427.94 6709.81 12.0774
1203.19 6753.56 12.3491
977.097 6789.79 12.6159
749.919 6818.46 12.8769
521.906 6839.55 13.1312
293.312 6853.03 13.378
64.3915 6858.87 13.6163
-164.601 6857.09 13.8455
-393.41 6847.67 14.0646
-621.781 6830.62 14.2728
-849.459 6805.98 14.4694
-1076.19 6773.75 14.6536
-1301.73 6733.99 14.8247
-1525.81 6686.72 14.9822
-1748.2 6632.02 15.1253
-1968.64 6569.92 15.2535
-2186.89 6500.52 15.3662
-2402.7 6423.87 15.4629
-2615.84 6340.08 15.5432
-2826.07 6249.22 15.6068
-3033.15 6151.4 15.6532
-3236.85 6046.74 15.6822
-3436.95 5935.35 15.6935
-3633.22 5817.34 15.687
-3825.45 5692.86 15.6625
-4013.42 5562.04 15.62
-4196.92 5425.03 15.5594
-4375.75 5281.98 15.4809
-4549.7 5133.05 15.3845
-4718.6 4978.41 15.2704
-4882.24 4818.22 15.1388
-5040.44 4652.68 14.99
-5193.04 4481.95 14.8243
-5339.86 4306.24 14.6421
-5480.74 4125.73 14.4439
-5615.51 3940.63 14.2301
-5744.04 3751.15 14.0013
-5866.18 3557.5 13.758
-5981.8 3359.89 13.5009
-6090.76 3158.54 13.2308
-6192.95 2953.68 12.9482
-6288.24 2745.53 12.654
-6376.55 2534.34 12.3489
-6457.77 2320.32 12.0338
-6531.8 2103.72 11.7096
-6598.58 1884.79 11.3771
-6658.02 1663.76 11.0373
-6710.07 1440.88 10.6911
-6754.65 1216.4 10.3394
-6791.73 990.567 9.9832
-6821.27 763.635 9.62351
-6843.22 535.855 9.2613
-6857.58 307.479 8.89758
-6864.32 78.7626 8.53332
-6863.44 -150.042 8.16954
-6854.94 -378.679 7.80722
-6838.83 -606.896 7.44734
-6815.13 -834.44 7.09087
-6783.87 -1061.06 6.73876
-6745.08 -1286.5 6.39195
-6698.8 -1510.51 6.05136
-6645.1 -1732.85 5.71788
-6584.02 -1953.26 5.39237
-6515.64 -2171.51 5.07566
-6440.04 -2387.35 4.76855
-6357.3 -2600.55 4.47181
-6267.51 -2810.86 4.18616
-6170.77 -3018.05 3.91229
-6067.2 -3221.9 3.65085
-5956.9 -3422.18 3.40242
-5840 -3618.67 3.16757
-5716.64 -3811.16 2.9468
-5586.94 -3999.42 2.74057
-5451.05 -4183.25 2.54928
-5309.13 -4362.45 2.37328
-5161.34 -4536.82 2.21288
-5007.82 -4706.16 2.06832
-4848.77 -4870.3 1.93979
-4684.35 -5029.05 1.82744
-4514.75 -5182.24 1.73135
-4340.15 -5329.69 1.65155
-4160.75 -5471.24 1.58802
-3976.75 -5606.75 1.54068
-3788.35 -5736.05 1.5094
-3595.76 -5859.01 1.494
-3399.19 -5975.49 1.49425
-3198.87 -6085.36 1.50986
-2995.01 -6188.51 1.54051
-2787.84 -6284.82 1.58581
-2577.59 -6374.18 1.64536
-2364.49 -6456.5 1.71868
-2148.77 -6531.68 1.80526
-1930.68 -6599.64 1.90456
-1710.46 -6660.32 2.01601
-1488.35 -6713.63 2.13898
-1264.6 -6759.53 2.27282
-1039.44 -6797.96 2.41687
-813.144 -6828.89 2.57043
-585.945 -6852.27 2.73275
-358.1 -6868.09 2.90311
-129.858 -6876.32 3.08074
98.5265 -6876.96 3.26486
326.803 -6870 3.45468
554.718 -6855.46 3.6494
782.021 -6833.35 3.84824
1008.46 -6803.7 4.05037
1233.79 -6766.53 4.25501
1457.75 -6721.89 4.46134
1680.11 -6669.84 4.66859
1900.61 -6610.42 4.87597
2119.01 -6543.7 5.08271
2335.07 -6469.76 5.28806
2548.56 -6388.68 5.4913
2759.23 -6300.55 5.69171
2966.86 -6205.46 5.8886
3171.21 -6103.52 6.08132
3372.06 -5994.84 6.26923
3569.18 -5879.54 6.45175
3762.37 -5757.76 6.6283
3951.41 -5629.62 6.79836
4136.08 -5495.26 6.96143
4316.18 -5354.83 7.11707
4491.52 -5208.5 7.26487
4661.9 -5056.41 7.40445
4827.13 -4898.74 7.5355
4987.03 -4735.65 7.65773
5141.42 -4567.34 7.77092
5290.14 -4393.99 7.87486
5433.01 -4215.78 7.96943
5569.88 -4032.92 8.05453
5700.6 -3845.6 8.1301
5825.02 -3654.03 8.19615
5943 -3458.43 8.25273
6054.42 -3259 8.29993
6159.15 -3055.97 8.33788
6257.07 -2849.57 8.36677
6348.07 -2640.02 8.38682
6432.06 -2427.55 8.39831
6508.94 -2212.39 8.40153
6578.62 -1994.79 8.39685
6641.03 -1774.99 8.38465
6696.1 -1553.22 8.36534
6743.75 -1329.73 8.3394
6783.95 -1104.78 8.3073
6816.65 -878.6 8.26956
6841.8 -651.449 8.22673
6859.39 -423.578 8.17938
6869.38 -195.238 8.12809
6871.77 33.3177 8.07349
6866.55 261.837 8.0162
6853.73 490.066 7.95685
6833.33 717.752 7.8961
6805.35 944.644 7.83461
6769.84 1170.49 7.77304
6726.83 1395.04 7.71206
6676.37 1618.04 7.65233
6618.51 1839.25 7.59451
6553.32 2058.43 7.53925
6480.86 2275.32 7.48719
6401.22 2489.69 7.43896
6314.48 2701.3 7.39517
6220.74 2909.91 7.35641
6120.11 3115.3 7.32325
6012.68 3317.23 7.29624
5898.59 3515.48 7.2759
5777.95 3709.83 7.26271
5650.9 3900.07 7.25712
5517.58 4085.98 7.25956
5378.14 4267.35 7.27041
5232.72 4443.99 7.29002
5081.5 4615.69 7.31869
4924.63 4782.27 7.35668
4762.3 4943.54 7.40422
4594.67 5099.31 7.46148
4421.95 5249.43 7.52858
4244.31 5393.71 7.60562
4061.95 5532 7.69261
3875.08 5664.14 7.78956
3683.91 5789.99 7.8964
3488.64 5909.4 8.01301
3289.49 6022.24 8.13923
3086.68 6128.39 8.27487
2880.45 6227.72 8.41966
2671.01 6320.13 8.5733
2458.6 6405.52 8.73545
2243.45 6483.77 8.9057
2025.81 6554.82 9.08362
1805.92 6618.58 9.26873
1584.02 6674.97 9.46052
1360.36 6723.93 9.65841
1135.18 6765.42 9.86181
908.738 6799.38 10.0701
681.286 6825.77 10.2826
453.076 6844.56 10.4986
224.362 6855.74 10.7174
-4.60213 6859.29 10.9383
-233.561 6855.2 11.1605
-462.26 6843.48 11.3831
-690.444 6824.14 11.6055
-917.86 6797.21 11.8267
-1144.25 6762.71 12.0459
-1369.37 6720.68 12.2624
-1592.97 6671.17 12.4753
-1814.79 6614.24 12.6837
-2034.59 6549.93 12.8867
-2252.13 6478.34 13.0837
-2467.16 6399.53 13.2737
-2679.44 6313.6 13.456
-2888.74 6220.64 13.6298
-3094.82 6120.76 13.7942
-3297.46 6014.06 13.9486
-3496.42 5900.66 14.0923
-3691.5 5780.69 14.2244
-3882.46 5654.29 14.3445
-4069.1 5521.6 14.4518
-4251.22 5382.75 14.5457
-4428.6 5237.92 14.6258
-4601.05 5087.25 14.6915
-4768.38 4930.93 14.7423
-4930.4 4769.11 14.7778
-5086.94 4601.99 14.7977
-5237.81 4429.75 14.8016
-5382.86 4252.57 14.7892
-5521.91 4070.67 14.7604
-5654.82 3884.23 14.715
-5781.45 3693.48 14.6528
-5901.64 3498.61 14.5738
-6015.26 3299.86 14.478
-6122.2 3097.43 14.3655
-6222.32 2891.56 14.2363
-6315.53 2682.47 14.0907
-6401.71 2470.4 13.9288
-6480.78 2255.58 13.751
-6552.64 2038.26 13.5575
-6617.22 1818.67 13.3487
-6674.44 1597.06 13.1252
-6724.25 1373.67 12.8873
-6766.58 1148.76 12.6356
-6801.4 922.571 12.3707
-6828.66 695.357 12.0933
-6848.33 467.371 11.8039
-6860.4 238.866 11.5034
-6864.85 10.0951 11.1924
-6861.68 -218.687 10.8717
-6850.89 -447.225 10.5423
-6832.5 -675.268 10.2049
-6806.52 -902.561 9.86038
-6772.99 -1128.85 9.50972
-6731.94 -1353.89 9.15382
-6683.42 -1577.43 8.79364
-6627.49 -1799.21 8.43014
-6564.21 -2019.01 8.0643
-6493.65 -2236.56 7.69711
-6415.89 -2451.63 7.32956
-6331.02 -2663.98 6.96265
-6239.13 -2873.38 6.59738
-6140.33 -3079.6 6.23475
-6034.71 -3282.4 5.87572
-5922.42 -3481.57 5.52129
-5803.56 -3676.88 5.1724
-5678.27 -3868.12 4.83
-5546.7 -4055.07 4.49502
-5408.98 -4237.53 4.16835
-5265.27 -4415.3 3.85085
-5115.73 -4588.18 3.54338
-4960.53 -4755.98 3.24675
-4799.84 -4918.52 2.96172
-4633.84 -5075.61 2.68903
-4462.71 -5227.09 2.42938
-4286.65 -5372.79 2.18343
-4105.84 -5512.54 1.95179
-3920.49 -5646.19 1.73501
-3730.8 -5773.6 1.53362
-3536.99 -5894.63 1.34809
-3339.27 -6009.13 1.17882
-3137.85 -6117 1.02618
-2932.97 -6218.1 0.890485
-2724.84 -6312.33 0.771984
-2513.71 -6399.58 0.670881
-2299.79 -6479.76 0.58732
-2083.33 -6552.77 0.521392
-1864.57 -6618.55 0.47313
-1643.76 -6677.02 0.442514
-1421.12 -6728.11 0.429466
-1196.92 -6771.76 0.433856
-971.388 -6807.94 0.455498
-744.788 -6836.59 0.494154
-517.366 -6857.7 0.549534
-289.371 -6871.23 0.621297
-61.0576 -6877.18 0.709052
167.324 -6875.53 0.812362
395.521 -6866.29 0.930743
623.281 -6849.46 1.06367
850.353 -6825.08 1.21056
1076.49 -6793.16 1.37083
1301.43 -6753.74 1.54381
1524.94 -6706.86 1.72882
1746.76 -6652.58 1.92516
1966.66 -6590.96 2.13208
2184.39 -6522.05 2.34881
2399.7 -6445.95 2.57456
2612.37 -6362.74 2.80852
2822.15 -6272.49 3.04984
3028.81 -6175.33 3.2977
3232.14 -6071.35 3.55122
3431.89 -5960.66 3.80955
3627.86 -5843.39 4.0718
3819.82 -5719.68 4.33712
4007.56 -5589.64 4.60462
4190.88 -5453.44 4.87345
4369.57 -5311.21 5.14273
4543.44 -5163.12 5.41163
4712.29 -5009.33 5.6793
4875.93 -4850.01 5.94493
5034.19 -4685.33 6.20771
5186.89 -4515.48 6.46688
5333.87 -4340.64 6.72167
5474.95 -4161 6.97137
5609.98 -3976.77 7.21528
5738.82 -3788.14 7.45274
5861.31 -3595.33 7.68313
5977.33 -3398.55 7.90585
6086.74 -3198.01 8.12035
6189.43 -2993.94 8.32613
6285.28 -2786.56 8.52272
6374.18 -2576.1 8.7097
6456.03 -2362.79 8.88668
6530.74 -2146.87 9.05334
6598.24 -1928.58 9.2094
6658.44 -1708.15 9.3546
6711.27 -1485.84 9.48878
6756.69 -1261.88 9.61179
6794.62 -1036.53 9.72353
6825.05 -810.026 9.82398
6847.92 -582.629 9.91313
6863.21 -354.588 9.99104
6870.91 -126.155 10.0578
6871 102.417 10.1136
6863.48 330.876 10.1586
6848.37 558.969 10.1931
6825.68 786.442 10.2173
6795.42 1013.04 10.2316
6757.64 1238.53 10.2363
6712.38 1462.63 10.2319
6659.67 1685.12 10.2187
6599.59 1905.74 10.1973
6532.2 2124.25 10.1682
6457.56 2340.4 10.1318
6375.77 2553.96 10.0889
6286.91 2764.69 10.0399
6191.08 2972.35 9.98544
6088.38 3176.72 9.92622
5978.93 3377.56 9.86283
5862.84 3574.66 9.79595
5740.26 3767.79 9.72625
5611.3 3956.74 9.65438
5476.12 4141.3 9.58105
5334.85 4321.26 9.50692
5187.67 4496.43 9.43267
5034.73 4666.6 9.35898
4876.19 4831.6 9.28651
4712.25 4991.22 9.21591
4543.06 5145.31 9.14781
4368.84 5293.68 9.08285
4189.76 5436.16 9.02161
4006.02 5572.61 8.96467
3817.83 5702.87 8.91259
3625.4 5826.79 8.86589
3428.94 5944.23 8.82506
3228.67 6055.06 8.79056
3024.81 6159.17 8.76282
2817.58 6256.42 8.74222
2607.23 6346.72 8.72911
2393.97 6429.97 8.7238
2178.05 6506.06 8.72655
1959.71 6574.91 8.73759
1739.19 6636.45 8.7571
1516.73 6690.61 8.7852
1292.59 6737.33 8.82198
1067.01 6776.55 8.86749
840.238 6808.23 8.92171
612.534 6832.33 8.98458
384.148 6848.83 9.05601
155.335 6857.71 9.13585
-73.651 6858.95 9.22389
-302.555 6852.57 9.31989
-531.122 6838.55 9.42357
-759.099 6816.92 9.53459
-986.23 6787.71 9.65258
-1212.26 6750.93 9.77711
-1436.95 6706.65 9.90774
-1660.03 6654.89 10.044
-1881.27 6595.73 10.1852
-2100.41 6529.22 10.331
-2317.21 6455.45 10.4807
-2531.43 6374.49 10.6337
-2742.84 6286.43 10.7892
-2951.19 6191.37 10.9467
-3156.26 6089.42 11.1055
-3357.81 5980.69 11.2648
-3555.62 5865.3 11.4238
-3749.48 5743.39 11.5819
-3939.16 5615.08 11.7383
-4124.46 5480.52 11.8921
-4305.16 5339.85 12.0428
-4481.08 5193.25 12.1894
-4652 5040.86 12.3312
-4817.75 4882.87 12.4674
-4978.14 4719.44 12.5974
-5132.98 4550.75 12.7203
-5282.12 4377.01 12.8355
-5425.37 4198.39 12.9423
-5562.6 4015.1 13.0399
-5693.63 3827.35 13.1277
-5818.33 3635.33 13.2051
-5936.55 3439.28 13.2715
-6048.17 3239.39 13.3263
-6153.07 3035.91 13.369
-6251.12 2829.04 13.3991
-6342.23 2619.04 13.4162
-6426.28 2406.12 13.4198
-6503.18 2190.52 13.4096
-6572.86 1972.49 13.3853
-6635.23 1752.27 13.3466
-6690.23 1530.1 13.2932
-6737.79 1306.23 13.2251
-6777.87 1080.91 13.142
-6810.41 854.386 13.044
-6835.39 626.914 12.931
-6852.78 398.746 12.803
-6862.56 170.135 12.6602
-6864.72 -58.6651 12.5027
-6859.25 -287.4 12.3307
-6846.17 -515.816 12.1444
-6825.49 -743.659 11.9441
-6797.24 -970.677 11.7303
-6761.44 -1196.62 11.5033
-6718.14 -1421.23 11.2635
-6667.39 -1644.27 11.0116
-6609.24 -1865.48 10.7479
-6543.76 -2084.62 10.4732
-6471.03 -2301.46 10.1881
-6391.12 -2515.74 9.89321
-6304.12 -2727.23 9.58928
-6210.14 -2935.7 9.27709
-6109.28 -3140.91 8.95741
-6001.64 -3342.64 8.63107
-5887.36 -3540.67 8.29892
-5766.55 -3734.78 7.96183
-5639.35 -3924.75 7.6207
-5505.91 -4110.38 7.27646
-5366.37 -4291.45 6.93003
-5220.89 -4467.77 6.58236
-5069.63 -4639.14 6.23442
-4912.76 -4805.38 5.88717
-4750.45 -4966.3 5.54157
-4582.89 -5121.72 5.1986
-4410.25 -5271.48 4.85923
-4232.73 -5415.41 4.52441
-4050.53 -5553.34 4.1951
-3863.85 -5685.13 3.87222
-3672.9 -5810.63 3.55672
-3477.89 -5929.71 3.24947
-3279.03 -6042.23 2.95138
-3076.54 -6148.07 2.66328
-2870.66 -6247.12 2.38601
-2661.6 -6339.25 2.12036
-2449.6 -6424.39 1.86709
-2234.89 -6502.42 1.62694
-2017.71 -6573.26 1.40057
-1798.3 -6636.85 1.18864
-1576.91 -6693.1 0.991755
-1353.77 -6741.95 0.810459
-1129.14 -6783.36 0.645265
-903.264 -6817.28 0.496632
-676.387 -6843.66 0.364967
-448.764 -6862.49 0.250627
-220.645 -6873.74 0.153915
7.71789 -6877.4 0.0750788
236.072 -6873.46 0.0143131
464.166 -6861.93 -0.0282445
691.747 -6842.83 -0.0525119
918.564 -6816.17 -0.0584631
1144.37 -6781.99 -0.0461288
1368.91 -6740.31 -0.0155953
1591.94 -6691.2 0.0329951
1813.21 -6634.7 0.099445
2032.48 -6570.88 0.183503
2249.5 -6499.8 0.284863
2464.04 -6421.54 0.403168
2675.87 -6336.2 0.53801
2884.74 -6243.86 0.68893
3090.42 -6144.63 0.855424
3292.69 -6038.61 1.03694
3491.33 -5925.93 1.23288
3686.11 -5806.71 1.44261
3876.83 -5681.07 1.66545
4063.26 -5549.16 1.90068
4245.21 -5411.13 2.14756
4422.46 -5267.12 2.40532
4594.84 -5117.29 2.67312
4762.14 -4961.82 2.95015
4924.19 -4800.86 3.23555
5080.79 -4634.6 3.52842
5231.79 -4463.23 3.82788
5377 -4286.92 4.13302
5516.28 -4105.88 4.44291
5649.46 -3920.3 4.75663
5776.4 -3730.39 5.07324
5896.96 -3536.36 5.39181
6011 -3338.42 5.7114
6118.4 -3136.79 6.0311
6219.04 -2931.7 6.34997
6312.81 -2723.37 6.66713
6399.59 -2512.02 6.98167
6479.3 -2297.9 7.29273
6551.85 -2081.24 7.59944
6617.16 -1862.27 7.901
6675.14 -1641.25 8.19659
6725.75 -1418.41 8.48544
6768.91 -1194 8.76681
6804.59 -968.277 9.04001
6832.74 -741.478 9.30436
6853.33 -513.859 9.55923
6866.33 -285.672 9.80404
6871.73 -57.1677 10.0382
6869.53 171.399 10.2613
6859.73 399.776 10.4729
6842.32 627.711 10.6724
6817.34 854.95 10.8597
6784.82 1081.24 11.0343
6744.77 1306.34 11.196
6697.26 1529.98 11.3446
6642.32 1751.93 11.48
