23116.1 32181.3 -0.0955502
42805.6 67950.6 -0.195581
62997 104500 -0.29786
83379.7 141364 -0.401038
103863 178399 -0.504702
124409 215542 -0.608668
144998 252757 -0.712841
165617 290026 -0.817164
186259 327336 -0.921602
206919 364677 -1.02613
227594 402044 -1.13073
248281 439432 -1.23539
268977 476838 -1.3401
289683 514259 -1.44485
310395 551693 -1.54964
331114 589138 -1.65445
351839 626593 -1.7593
372568 664057 -1.86417
393302 701529 -1.96907
414039 739007 -2.07398
434781 776492 -2.17891
455525 813983 -2.28386
476272 851478 -2.38882
497022 888979 -2.49379
