6862.82 456.425 0
6817.34 910.835 0
6741.76 1361.22 0
6636.42 1805.6 0
6501.77 2242.01 0
6338.42 2668.52 0
6147.07 3083.24 0
5928.58 3484.34 0
5683.89 3870.05 0
5414.1 4238.67 0
5120.38 4588.56 0
4804.04 4918.16 0
4466.46 5226.03 0
4109.13 5510.79 0
3733.63 5771.19 0
3341.62 6006.05 0
2934.82 6214.35 0
2515.03 6395.14 0
2084.12 6547.63 0
1643.97 6671.12 0
1196.54 6765.07 0
743.818 6829.05 0
287.796 6862.77 0
-169.502 6866.07 0
-626.048 6838.93 0
-1079.82 6781.46 0
-1528.8 6693.91 0
-1970.99 6576.65 0
-2404.44 6430.2 0
-2827.21 6255.2 0
-3237.43 6052.43 0
-3633.26 5822.77 0
-4012.96 5567.24 0
-4374.81 5286.96 0
-4717.23 4983.19 0
-5038.67 4657.26 0
-5337.7 4310.62 0
-5612.99 3944.81 0
-5863.31 3561.45 0
-6087.55 3162.24 0
-6284.7 2748.97 0
-6453.87 2323.46 0
-6594.33 1887.6 0
-6705.43 1443.35 0
-6786.68 992.671 0
-6837.72 537.573 0
-6858.32 80.0822 0
-6848.39 -377.765 0
-6807.97 -833.931 0
-6737.24 -1286.38 0
-6636.52 -1733.11 0
-6506.26 -2172.12 0
-6347.04 -2601.47 0
-6159.57 -3019.23 0
-5944.7 -3423.56 0
-5703.37 -3812.66 0
-5436.66 -4184.8 0
-5145.78 -4538.32 0
-4832.01 -4871.66 0
-4496.75 -5183.34 0
-4141.51 -5471.97 0
-3767.86 -5736.28 0
-3377.46 -5975.11 0
-2972.06 -6187.39 0
-2553.46 -6372.18 0
-2123.52 -6528.69 0
-1684.15 -6656.21 0
-1237.31 -6754.19 0
-784.984 -6822.21 0
-329.172 -6859.97 0
128.099 -6867.3 0
584.802 -6844.2 0
1038.91 -6790.76 0
1488.42 -6707.23 0
1931.34 -6594 0
2365.7 -6451.56 0
2789.6 -6280.57 0
3201.14 -6081.78 0
3598.52 -5856.08 0
3979.98 -5604.47 0
4343.84 -5328.08 0
4688.5 -5028.12 0
5012.42 -4705.94 0
5314.2 -4362.96 0
5592.49 -4000.7 0
5846.07 -3620.77 0
6073.82 -3224.84 0
6274.75 -2814.66 0
6447.97 -2392.06 0
6592.71 -1958.89 0
6708.34 -1517.07 0
6794.36 -1068.55 0
6850.37 -615.319 0
6876.15 -159.369 0
6871.57 297.285 0
6836.65 752.627 0
6771.55 1204.65 0
6676.55 1651.35 0
6552.08 2090.76 0
6398.67 2520.93 0
6217.01 2939.98 0
6007.89 3346.04 0
5772.24 3737.32 0
5511.08 4112.09 0
5225.58 4468.7 0
4916.98 4805.55 0
4586.66 5121.17 0
4236.05 5414.15 0
3866.72 5683.18 0
3480.28 5927.09 0
3078.45 6144.77 0
2663 6335.26 0
2235.76 6497.72 0
1798.62 6631.4 0
1353.52 6735.73 0
902.426 6810.22 0
447.332 6854.53 0
-9.7448 6868.47 0
-466.778 6851.95 0
-921.742 6805.06 0
-1372.62 6727.98 0
-1817.4 6621.05 0
-2254.12 6484.73 0
-2680.83 6319.63 0
-3095.64 6126.47 0
-3496.7 5906.09 0
-3882.23 5659.48 0
-4250.5 5387.72 0
-4599.88 5092.01 0
-4928.82 4773.67 0
-5235.83 4434.1 0
-5519.56 4074.81 0
-5778.74 3697.39 0
-6012.21 3303.53 0
-6218.93 2894.97 0
-6397.98 2473.52 0
-6548.55 2041.07 0
-6669.97 1599.53 0
-6761.71 1150.87 0
-6823.34 697.088 0
-6854.59 240.203 0
-6855.33 -217.752 0
-6825.56 -674.737 0
-6765.39 -1128.72 0
-6675.11 -1577.68 0
-6555.11 -2019.61 0
-6405.94 -2452.55 0
-6228.25 -2874.58 0
-6022.85 -3283.82 0
-5790.65 -3678.44 0
-5532.68 -4056.7 0
-5250.1 -4416.91 0
-4944.17 -4757.48 0
-4616.26 -5076.89 0
-4267.82 -5373.73 0
-3900.41 -5646.68 0
-3515.66 -5894.54 0
-3115.3 -6116.21 0
-2701.1 -6310.71 0
-2274.9 -6477.19 0
-1838.6 -6614.91 0
-1394.14 -6723.27 0
-943.5 -6801.79 0
-488.67 -6850.14 0
-31.673 -6868.12 0
425.465 -6855.64 0
880.717 -6812.77 0
1332.07 -6739.72 0
1777.52 -6636.81 0
2215.09 -6504.51 0
2642.86 -6343.4 0
3058.93 -6154.22 0
3461.47 -5937.81 0
3848.69 -5695.12 0
4218.88 -5427.25 0
4570.43 -5135.38 0
4901.76 -4820.8 0
5211.43 -4484.91 0
5498.06 -4129.2 0
5760.41 -3755.25 0
5997.3 -3364.7 0
6207.7 -2959.29 0
6390.69 -2540.82 0
6545.45 -2111.12 0
6671.31 -1672.1 0
6767.72 -1225.7 0
6834.24 -773.883 0
6870.59 -318.652 0
6876.62 137.986 0
6852.28 594.014 0
6797.69 1047.42 0
6713.09 1496.2 0
6598.85 1938.38 0
6455.48 2372 0
6283.6 2795.14 0
6083.97 3205.94 0
5857.47 3602.58 0
5605.09 3983.3 0
5327.96 4346.43 0
5027.28 4690.35 0
4704.38 5013.55 0
4360.69 5314.58 0
3997.72 5592.12 0
3617.07 5844.92 0
3220.42 6071.88 0
2809.52 6271.96 0
2386.19 6444.3 0
1952.3 6588.11 0
1509.76 6702.74 0
1060.54 6787.7 0
606.621 6842.58 0
150.012 6867.14 0
-307.261 6861.27 0
-763.173 6824.97 0
-1215.7 6758.4 0
-1662.83 6661.85 0
-2102.59 6535.74 0
-2533.01 6380.63 0
-2952.18 6197.18 0
-3358.25 5986.21 0
-3749.4 5748.65 0
-4123.89 5485.55 0
-4480.05 5198.07 0
-4816.29 4887.48 0
-5131.13 4555.17 0
-5423.14 4202.59 0
-5691.04 3831.33 0
-5933.61 3443.02 0
-6149.79 3039.39 0
-6338.61 2622.24 0
-6499.21 2193.42 0
-6630.89 1754.84 0
-6733.05 1308.44 0
-6805.24 856.224 0
-6847.14 400.193 0
-6858.55 -57.6193 0
-6839.43 -515.175 0
-6789.86 -970.438 0
-6710.06 -1421.38 0
-6600.4 -1865.99 0
-6461.35 -2302.3 0
-6293.55 -2728.36 0
-6097.73 -3142.28 0
-5874.78 -3542.22 0
-5625.69 -3926.39 0
-5351.57 -4293.1 0
-5053.65 -4640.71 0
-4733.26 -4967.69 0
-4391.81 -5272.57 0
-4030.85 -5554.01 0
-3651.97 -5810.77 0
-3256.86 -6041.71 0
-2847.28 -6245.81 0
-2425.05 -6422.17 0
-1992.06 -6570.02 0
-1550.23 -6688.69 0
-1101.51 -6777.69 0
-647.909 -6836.61 0
-191.433 -6865.21 0
265.892 -6863.37 0
722.038 -6831.11 0
1174.98 -6768.56 0
1622.73 -6676.04 0
2063.28 -6553.94 0
2494.7 -6402.82 0
2915.07 -6223.35 0
3322.54 -6016.34 0
3715.31 -5782.71 0
4091.65 -5523.5 0
4449.89 -5239.86 0
4788.45 -4933.05 0
5105.85 -4604.44 0
5400.68 -4255.47 0
5671.64 -3887.7 0
5917.55 -3502.76 0
6137.31 -3102.34 0
6329.97 -2688.21 0
6494.67 -2262.22 0
6630.69 -1826.23 0
6737.43 -1382.18 0
6814.43 -932.03 0
6861.34 -477.764 0
6877.96 -21.3881 0
6864.22 435.082 0
6820.17 889.631 0
6746.01 1340.25 0
6642.07 1784.96 0
6508.81 2221.78 0
6346.8 2648.79 0
6156.77 3064.11 0
5939.54 3465.9 0
5696.08 3852.37 0
5427.46 4221.83 0
5134.86 4572.63 0
4819.57 4903.23 0
4482.97 5212.15 0
4126.56 5498.04 0
3751.9 5759.61 0
3360.64 5995.71 0
2954.52 6205.28 0
2535.33 6387.4 0
2104.92 6541.25 0
1665.18 6666.14 0
1218.08 6761.51 0
765.576 6826.93 0
309.682 6862.1 0
-147.584 6866.86 0
-604.195 6841.18 0
-1058.13 6785.17 0
-1507.37 6699.05 0
-1949.92 6583.21 0
-2383.81 6438.16 0
-2807.13 6264.53 0
-3217.98 6063.08 0
-3614.54 5834.7 0
-3995.03 5580.4 0
-4357.78 5301.3 0
-4701.16 4998.64 0
-5023.64 4673.76 0
-5323.78 4328.09 0
-5600.24 3963.18 0
-5851.79 3580.64 0
-6077.31 3182.17 0
-6275.79 2769.54 0
-6446.34 2344.58 0
-6588.2 1909.19 0
-6700.73 1465.3 0
-6783.44 1014.89 0
-6835.95 559.965 0
-6858.03 102.544 0
-6849.58 -355.333 0
-6810.64 -811.628 0
-6741.37 -1264.31 0
-6642.1 -1711.36 0
-6513.25 -2150.8 0
-6355.42 -2580.66 0
-6169.3 -2999.04 0
-5955.72 -3404.07 0
-5715.65 -3793.95 0
-5450.14 -4166.96 0
-5160.39 -4521.42 0
-4847.69 -4855.78 0
-4513.43 -5168.54 0
-4159.1 -5458.33 0
-3786.29 -5723.85 0
-3396.65 -5963.94 0
-2991.92 -6177.53 0
-2573.9 -6363.67 0
-2144.44 -6521.56 0
-1705.47 -6650.5 0
-1258.93 -6749.91 0
-806.802 -6819.38 0
-351.095 -6858.59 0
106.169 -6867.39 0
562.963 -6845.74 0
1017.26 -6793.75 0
1467.05 -6711.65 0
1910.35 -6599.83 0
2345.18 -6458.77 0
2769.63 -6289.12 0
3181.82 -6091.62 0
3579.93 -5867.18 0
3962.2 -5616.77 0
4326.94 -5341.52 0
4672.56 -5042.65 0
4997.51 -4721.49 0
5300.37 -4379.46 0
5579.81 -4018.07 0
5834.6 -3638.93 0
6063.61 -3243.71 0
6265.83 -2834.16 0
6440.39 -2412.1 0
6586.5 -1979.38 0
6703.52 -1537.92 0
6790.95 -1089.68 0
6848.4 -636.619 0
6875.61 -180.751 0
6872.46 275.916 0
6838.98 731.364 0
6775.31 1183.58 0
6681.72 1630.58 0
6558.63 2070.37 0
6406.58 2501.03 0
6226.25 2920.64 0
6018.42 3327.35 0
5784 3719.36 0
5524.04 4094.95 0
5239.67 4452.44 0
4932.15 4790.26 0
4602.83 5106.92 0
4253.17 5400.99 0
3884.7 5671.19 0
3499.05 5916.31 0
3097.93 6135.25 0
2683.1 6327.06 0
2256.39 6490.86 0
1819.7 6625.93 0
1374.95 6731.67 0
924.112 6807.59 0
469.18 6853.35 0
12.1687 6868.75 0
-444.896 6853.69 0
-899.989 6808.25 0
-1351.09 6732.62 0
-1796.2 6627.12 0
-2233.33 6492.21 0
-2660.56 6328.48 0
-3075.97 6136.66 0
-3477.72 5917.58 0
-3864.02 5672.22 0
-4233.15 5401.65 0
-4583.47 5107.08 0
-4913.42 4789.81 0
-5221.52 4451.24 0
-5506.4 4092.87 0
-5766.79 3716.31 0
-6001.53 3323.21 0
-6209.56 2915.32 0
-6389.96 2494.46 0
-6541.93 2062.5 0
-6664.77 1621.37 0
-6757.96 1173.01 0
-6821.05 719.432 0
-6853.79 262.652 0
-6856.01 -195.297 0
-6827.71 -652.377 0
-6769.01 -1106.55 0
-6680.18 -1555.8 0
-6561.61 -1998.13 0
-6413.84 -2431.56 0
-6237.51 -2854.16 0
-6033.43 -3264.07 0
-5802.5 -3659.45 0
-5545.75 -4038.54 0
-5264.33 -4399.67 0
-4959.49 -4741.23 0
-4632.59 -5061.71 0
-4285.1 -5359.68 0
-3918.56 -5633.82 0
-3534.6 -5882.92 0
-3134.94 -6105.89 0
-2721.35 -6301.72 0
-2295.67 -6469.57 0
-1859.8 -6608.7 0
-1415.67 -6718.48 0
-965.264 -6798.45 0
-510.573 -6848.26 0
-53.6161 -6867.7 0
403.578 -6856.68 0
858.984 -6815.26 0
1310.58 -6743.65 0
1756.37 -6642.15 0
2194.39 -6511.23 0
2622.68 -6351.49 0
3039.37 -6163.62 0
3442.6 -5948.48 0
3830.61 -5707.01 0
4201.66 -5440.3 0
4554.14 -5149.53 0
4886.48 -4836 0
5197.21 -4501.08 0
5484.98 -4146.27 0
5748.51 -3773.14 0
5986.64 -3383.33 0
6198.33 -2978.58 0
6382.63 -2560.68 0
6538.75 -2131.47 0
6666 -1692.84 0
6763.81 -1246.74 0
6831.76 -795.132 0
6869.55 -340.016 0
6877.01 116.601 0
6854.11 572.704 0
6800.95 1026.28 0
6717.76 1475.32 0
6604.92 1917.85 0
6462.92 2351.91 0
6292.37 2775.59 0
6094.05 3187.01 0
5868.8 3584.36 0
5617.64 3965.87 0
5341.65 4329.86 0
5042.07 4674.72 0
4720.21 4998.93 0
4377.48 5301.04 0
4015.4 5579.71 0
3635.57 5833.71 0
3239.65 6061.91 0
2829.41 6263.3 0
2406.64 6436.97 0
1973.23 6582.15 0
1531.08 6698.19 0
1082.14 6784.57 0
628.418 6840.9 0
171.909 6866.91 0
-285.362 6862.5 0
-741.368 6827.66 0
-1194.09 6762.54 0
-1641.51 6667.43 0
-2081.65 6542.73 0
-2512.55 6389 0
-2932.29 6206.9 0
-3339.02 5997.25 0
-3730.91 5760.95 0
-4106.23 5499.07 0
-4463.3 5212.74 0
-4800.54 4903.25 0
-5116.43 4571.96 0
-5409.57 4220.34 0
-5678.66 3849.95 0
-5922.48 3462.44 0
-6139.96 3059.52 0
-6330.11 2642.99 0
-6492.1 2214.69 0
-6625.19 1776.54 0
-6728.79 1330.49 0
-6802.45 878.507 0
-6845.82 422.616 0
-6858.71 -35.1557 0
-6841.07 -492.771 0
-6792.97 -948.193 0
-6714.63 -1399.39 0
-6606.41 -1844.36 0
-6468.77 -2281.12 0
-6302.34 -2707.73 0
-6107.86 -3122.29 0
-5886.2 -3522.95 0
-5638.34 -3907.93 0
-5365.4 -4275.53 0
-5068.6 -4624.11 0
-4749.25 -4952.12 0
-4408.78 -5258.12 0
-4048.71 -5540.73 0
-3670.64 -5798.72 0
-3276.26 -6030.93 0
-2867.33 -6236.35 0
-2445.66 -6414.08 0
-2013.12 -6563.31 0
-1571.65 -6683.41 0
-1123.21 -6773.85 0
-669.779 -6834.22 0
-213.378 -6864.28 0
243.969 -6863.9 0
700.235 -6833.09 0
1153.4 -6771.99 0
1601.45 -6680.89 0
2042.41 -6560.18 0
2474.32 -6410.43 0
2895.28 -6232.29 0
3303.42 -6026.57 0
3696.94 -5794.18 0
4074.11 -5536.15 0
4433.26 -5253.64 0
4772.8 -4947.9 0
5091.25 -4620.28 0
5387.19 -4272.24 0
5659.32 -3905.32 0
5906.45 -3521.14 0
6127.48 -3121.41 0
6321.44 -2707.89 0
6487.49 -2282.4 0
6624.89 -1846.84 0
6733.03 -1403.13 0
6811.45 -953.218 0
6859.79 -499.099 0
6877.85 -42.7766 0
6865.54 413.735 0
6822.93 868.42 0
6750.19 1319.27 0
6647.66 1764.3 0
6515.77 2201.53 0
6355.11 2629.05 0
6166.39 3044.96 0
5950.44 3447.42 0
5708.21 3834.65 0
5440.76 4204.95 0
5149.27 4556.66 0
4835.04 4888.25 0
4499.43 5198.23 0
4143.93 5485.23 0
3770.12 5747.98 0
3379.63 5985.31 0
2974.19 6196.16 0
2555.59 6379.6 0
2125.68 6534.81 0
1686.37 6661.09 0
1239.58 6757.88 0
787.312 6824.74 0
331.551 6861.37 0
-125.679 6867.58 0
-582.351 6843.36 0
-1036.44 6788.8 0
-1485.94 6704.12 0
-1928.84 6589.71 0
-2363.18 6446.05 0
-2787.03 6273.78 0
-3198.51 6073.66 0
-3595.78 5846.56 0
-3977.08 5593.5 0
-4340.71 5315.58 0
-4685.05 5014.03 0
-5008.57 4690.2 0
-5309.81 4345.51 0
-5587.44 3981.5 0
-5840.22 3599.78 0
-6067.02 3202.05 0
-6266.82 2790.07 0
-6438.74 2365.68 0
-6582.01 1930.76 0
-6695.97 1487.24 0
-6780.14 1037.1 0
-6834.12 582.35 0
-6857.68 125.005 0
-6850.71 -332.897 0
-6813.24 -789.316 0
-6745.44 -1242.22 0
-6647.61 -1689.6 0
-6520.18 -2129.45 0
-6363.74 -2559.83 0
-6178.97 -2978.81 0
-5966.7 -3384.53 0
-5727.88 -3775.2 0
-5463.57 -4149.07 0
-5174.96 -4504.47 0
-4863.32 -4839.85 0
-4530.06 -5153.7 0
-4176.66 -5444.63 0
-3804.69 -5711.36 0
-3415.81 -5952.71 0
-3011.76 -6167.6 0
-2594.32 -6355.1 0
-2165.36 -6514.37 0
-1726.79 -6644.71 0
-1280.55 -6745.57 0
-828.628 -6816.48 0
-373.03 -6857.15 0
84.2233 -6867.41 0
541.103 -6847.22 0
995.584 -6796.68 0
1445.65 -6716.01 0
1889.32 -6605.59 0
2324.61 -6465.91 0
2749.62 -6297.6 0
3162.45 -6101.41 0
3561.28 -5878.22 0
3944.36 -5629.02 0
4309.99 -5354.92 0
4656.56 -5057.14 0
4982.53 -4736.99 0
5286.49 -4395.91 0
5567.08 -4035.4 0
5823.07 -3657.05 0
6053.33 -3262.55 0
6256.85 -2853.63 0
6432.73 -2432.12 0
6580.21 -1999.86 0
6698.63 -1558.77 0
6787.47 -1110.79 0
6846.34 -657.914 0
6874.99 -202.132 0
6873.29 254.543 0
6841.24 710.094 0
6778.99 1162.51 0
6686.81 1609.79 0
6565.11 2049.97 0
6414.42 2481.1 0
6235.42 2901.27 0
6028.87 3308.63 0
5795.7 3701.37 0
5536.93 4077.77 0
5253.7 4436.15 0
4947.25 4774.93 0
4618.95 5092.61 0
4270.23 5387.79 0
3902.63 5659.14 0
3517.77 5905.47 0
3117.36 6125.68 0
2703.15 6318.79 0
2276.99 6483.94 0
1840.74 6620.4 0
1396.35 6727.54 0
945.774 6804.9 0
491.008 6852.11 0
34.0674 6868.96 0
-423.024 6855.36 0
-878.241 6811.38 0
-1329.56 6737.19 0
-1774.99 6633.12 0
-2212.54 6499.61 0
-2640.26 6337.26 0
-3056.27 6146.78 0
-3458.71 5929 0
-3845.78 5684.89 0
-4215.77 5415.52 0
-4567.03 5122.09 0
-4897.98 4805.89 0
-5207.16 4468.32 0
-5493.19 4110.89 0
-5754.79 3735.17 0
-5990.78 3342.84 0
-6200.13 2935.64 0
-6381.89 2515.37 0
-6535.24 2083.92 0
-6659.51 1643.18 0
-6754.14 1195.13 0
-6818.71 741.767 0
-6852.92 285.097 0
-6856.62 -172.841 0
-6829.8 -630.011 0
-6772.57 -1084.37 0
-6685.19 -1533.91 0
-6568.05 -1976.62 0
-6421.68 -2410.53 0
-6246.72 -2833.71 0
-6043.96 -3244.28 0
-5814.3 -3640.41 0
-5558.77 -4020.34 0
-5278.5 -4382.39 0
-4974.76 -4724.94 0
-4648.89 -5046.47 0
-4302.35 -5345.57 0
-3936.68 -5620.9 0
-3553.52 -5871.24 0
-3154.56 -6095.5 0
-2741.58 -6292.67 0
-2316.43 -6461.89 0
-1880.99 -6602.42 0
-1437.2 -6713.63 0
-987.033 -6795.05 0
-532.485 -6846.31 0
-75.574 -6867.21 0
381.672 -6857.65 0
837.226 -6817.68 0
1289.07 -6747.5 0
1735.2 -6647.43 0
2173.65 -6517.9 0
2602.46 -6359.51 0
3019.76 -6172.96 0
3423.69 -5959.09 0
3812.47 -5718.85 0
4184.39 -5453.31 0
4537.79 -5163.65 0
4871.13 -4851.15 0
5182.94 -4517.21 0
5471.83 -4163.3 0
5736.55 -3790.99 0
5975.91 -3401.94 0
6188.88 -2997.85 0
6374.51 -2580.52 0
6531.98 -2151.79 0
6660.61 -1713.56 0
6759.83 -1267.77 0
6829.21 -816.376 0
6868.43 -361.378 0
6877.33 95.2144 0
6855.86 551.387 0
6804.13 1005.13 0
6722.36 1454.43 0
6610.92 1897.31 0
6470.28 2331.81 0
6301.08 2756.02 0
6104.05 3168.05 0
5880.07 3566.1 0
5630.11 3948.4 0
5355.29 4313.25 0
5056.8 4659.05 0
4735.98 4984.26 0
4394.21 5287.44 0
4033.03 5567.25 0
3654.02 5822.45 0
3258.84 6051.9 0
2849.25 6254.57 0
2427.06 6429.58 0
1994.12 6576.13 0
1552.36 6693.57 0
1103.72 6781.37 0
650.195 6839.14 0
193.79 6866.61 0
-263.474 6863.66 0
-719.57 6830.27 0
-1172.48 6766.61 0
-1620.18 6672.93 0
-2060.7 6549.65 0
-2492.07 6397.3 0
-2912.38 6216.56 0
-3319.76 6008.22 0
-3712.4 5773.19 0
-4088.55 5512.52 0
-4446.53 5227.36 0
-4784.74 4918.97 0
-5101.69 4588.7 0
-5395.96 4238.04 0
-5666.23 3868.53 0
-5911.29 3481.81 0
-6130.06 3079.61 0
-6321.56 2663.7 0
-6484.93 2235.94 0
-6619.43 1798.23 0
-6724.48 1352.51 0
-6799.59 900.779 0
-6844.43 445.034 0
-6858.8 -12.6922 0
-6842.64 -470.362 0
-6796.02 -925.937 0
-6719.14 -1377.39 0
-6612.35 -1822.71 0
-6476.12 -2259.92 0
-6311.07 -2687.07 0
-6117.93 -3102.26 0
-5897.56 -3503.64 0
-5650.95 -3889.43 0
-5379.19 -4257.92 0
-5083.5 -4607.46 0
-4765.2 -4936.51 0
-4425.71 -5243.6 0
-4066.54 -5527.39 0
-3689.29 -5786.6 0
-3295.65 -6020.09 0
-2887.36 -6226.83 0
-2466.25 -6405.91 0
-2034.18 -6556.54 0
-1593.08 -6678.06 0
-1144.91 -6769.93 0
-691.657 -6831.76 0
-235.336 -6863.28 0
222.029 -6864.36 0
678.41 -6835.01 0
1131.78 -6775.35 0
1580.14 -6685.67 0
2021.5 -6566.37 0
2453.9 -6417.98 0
2875.44 -6241.18 0
3284.25 -6036.75 0
3678.52 -5805.6 0
4056.52 -5548.76 0
4416.58 -5267.38 0
4757.1 -4962.7 0
5076.59 -4636.08 0
5373.63 -4288.97 0
5646.93 -3922.9 0
5895.28 -3539.49 0
6117.58 -3140.45 0
6312.85 -2727.54 0
6480.24 -2302.57 0
6619.01 -1867.44 0
6728.56 -1424.06 0
6808.39 -974.399 0
6858.17 -520.431 0
6877.66 -64.1659 0
6866.8 392.383 0
6825.61 847.199 0
6754.3 1298.28 0
6653.17 1743.62 0
6522.66 2181.27 0
6363.35 2609.28 0
6175.95 3025.78 0
5961.27 3428.91 0
5720.26 3816.9 0
5453.99 4188.03 0
5163.63 4540.65 0
4850.45 4873.22 0
4515.83 5184.25 0
4161.26 5472.37 0
3788.28 5736.29 0
3398.56 5974.85 0
2993.81 6186.98 0
2575.81 6371.74 0
2146.41 6528.31 0
1707.52 6655.98 0
1261.06 6754.19 0
809.025 6822.48 0
353.402 6860.56 0
-103.787 6868.23 0
-560.516 6845.47 0
-1014.76 6792.36 0
-1464.5 6709.13 0
-1907.75 6596.13 0
-2342.53 6453.87 0
-2766.92 6282.97 0
-3179.02 6084.18 0
-3577.01 5858.37 0
-3959.11 5606.53 0
-4323.61 5329.79 0
-4668.91 5029.37 0
-4993.45 4706.59 0
-5295.8 4362.89 0
-5574.59 3999.78 0
-5828.59 3618.89 0
-6056.67 3221.9 0
-6257.8 2810.58 0
-6431.09 2386.75 0
-6575.75 1952.3 0
-6691.15 1509.16 0
-6776.77 1059.3 0
-6832.22 604.728 0
-6857.26 147.464 0
-6851.77 -310.457 0
-6815.77 -766.996 0
-6749.44 -1220.12 0
-6653.05 -1667.81 0
-6527.05 -2108.08 0
-6372 -2538.96 0
-6188.58 -2958.55 0
-5977.62 -3364.96 0
-5740.05 -3756.4 0
-5476.95 -4131.13 0
-5189.48 -4487.47 0
-4878.92 -4823.86 0
-4546.67 -5138.79 0
-4194.19 -5430.87 0
-3823.07 -5698.8 0
-3434.96 -5941.41 0
-3031.58 -6157.61 0
-2614.73 -6346.45 0
-2186.27 -6507.1 0
-1748.1 -6638.86 0
-1302.17 -6741.15 0
-850.46 -6813.51 0
-394.975 -6855.64 0
62.2611 -6867.36 0
519.222 -6848.63 0
973.88 -6799.53 0
1424.22 -6720.3 0
1868.25 -6611.29 0
2304.01 -6472.99 0
2729.56 -6306.03 0
3143.03 -6111.14 0
3542.59 -5889.21 0
3926.47 -5641.22 0
4292.98 -5368.27 0
4640.5 -5071.57 0
4967.5 -4752.45 0
5272.54 -4412.32 0
5554.27 -4052.69 0
5811.46 -3675.15 0
6042.97 -3281.36 0
6247.79 -2873.08 0
6425.01 -2452.12 0
6573.85 -2020.32 0
6693.66 -1579.59 0
6783.91 -1131.9 0
6844.21 -679.205 0
6874.3 -223.512 0
6874.03 233.167 0
6843.42 688.817 0
6782.6 1141.43 0
6691.83 1589 0
6571.52 2029.55 0
6422.19 2461.14 0
6244.51 2881.87 0
6039.26 3289.87 0
5807.33 3683.35 0
5549.75 4060.55 0
5267.66 4419.82 0
4962.3 4759.56 0
4635.01 5078.26 0
4287.23 5374.53 0
3920.51 5647.04 0
3536.44 5894.58 0
3136.74 6116.05 0
2723.17 6310.47 0
2297.55 6476.96 0
1861.75 6614.8 0
1417.72 6723.35 0
967.412 6802.13 0
512.817 6850.79 0
55.9511 6869.1 0
-401.163 6856.96 0
-856.499 6814.43 0
-1308.04 6741.69 0
-1753.77 6639.05 0
-2191.73 6506.95 0
-2619.96 6345.98 0
-3036.56 6156.83 0
-3439.68 5940.36 0
-3827.52 5697.5 0
-4198.36 5429.33 0
-4550.54 5137.04 0
-4882.51 4821.92 0
-5192.76 4485.36 0
-5479.93 4128.86 0
-5742.73 3754 0
-5979.99 3362.44 0
-6190.64 2955.92 0
-6373.75 2536.26 0
-6528.5 2105.3 0
-6654.19 1664.98 0
-6750.27 1217.24 0
-6816.3 764.092 0
-6851.98 307.539 0
-6857.16 -150.384 0
-6831.82 -607.637 0
-6776.06 -1062.18 0
-6690.14 -1512 0
-6574.43 -1955.09 0
-6429.46 -2389.48 0
-6255.86 -2813.23 0
-6054.43 -3224.45 0
-5826.04 -3621.33 0
-5571.74 -4002.09 0
-5292.64 -4365.05 0
-4990 -4708.59 0
-4665.16 -5031.18 0
-4319.57 -5331.4 0
-3954.78 -5607.91 0
-3572.41 -5859.5 0
-3174.16 -6085.04 0
-2761.8 -6283.55 0
-2337.18 -6454.14 0
-1902.18 -6596.07 0
-1458.73 -6708.71 0
-1008.81 -6791.57 0
-554.407 -6844.29 0
-97.5463 -6866.65 0
359.747 -6858.55 0
815.445 -6820.04 0
1267.53 -6751.3 0
1713.99 -6652.64 0
2152.87 -6524.5 0
2582.2 -6367.47 0
3000.11 -6182.24 0
3404.73 -5969.65 0
3794.29 -5730.63 0
4167.05 -5466.26 0
4521.39 -5177.71 0
4855.73 -4866.27 0
5168.6 -4533.3 0
5458.62 -4180.3 0
5724.51 -3808.82 0
5965.12 -3420.51 0
6179.36 -3017.09 0
6366.31 -2600.34 0
6525.14 -2172.1 0
6655.15 -1734.28 0
6755.78 -1288.79 0
6826.58 -837.614 0
6867.23 -382.739 0
6877.57 73.8256 0
6857.54 530.064 0
6807.24 983.963 0
6726.89 1433.52 0
6616.84 1876.74 0
6477.58 2311.68 0
6309.72 2736.42 0
6113.99 3149.07 0
5891.27 3547.81 0
5642.53 3930.89 0
5368.86 4296.6 0
5071.48 4643.33 0
4751.69 4969.54 0
4410.9 5273.8 0
4050.61 5554.74 0
3672.42 5811.13 0
3277.98 6041.82 0
2869.05 6245.79 0
2447.43 6422.12 0
2014.98 6570.04 0
1573.61 6688.88 0
1125.27 6778.11 0
671.95 6837.32 0
215.654 6866.24 0
-241.599 6864.74 0
-697.78 6832.82 0
-1150.87 6770.6 0
-1598.85 6678.36 0
-2039.74 6556.49 0
-2471.59 6405.54 0
-2892.46 6226.15 0
-3300.49 6019.13 0
-3693.86 5785.37 0
-4070.83 5525.92 0
-4429.71 5241.92 0
-4768.91 4934.62 0
-5086.91 4605.39 0
-5382.3 4255.69 0
-5653.75 3887.06 0
-5900.05 3501.15 0
-6120.12 3099.66 0
-6312.95 2684.38 0
-6477.69 2257.16 0
-6613.61 1819.89 0
-6720.09 1374.53 0
-6796.66 923.04 0
-6842.98 467.446 0
-6858.83 9.77073 0
-6844.15 -447.948 0
-6799 -903.672 0
-6723.58 -1355.37 0
-6618.23 -1801.04 0
-6483.42 -2238.69 0
-6319.75 -2666.37 0
-6127.95 -3082.19 0
-5908.87 -3484.29 0
-5663.5 -3870.88 0
-5392.93 -4240.25 0
-5098.36 -4590.75 0
-4781.12 -4920.84 0
-4442.61 -5229.03 0
-4084.34 -5513.98 0
-3707.92 -5774.41 0
-3315.02 -6009.18 0
-2907.38 -6217.24 0
-2486.83 -6397.67 0
-2055.23 -6549.7 0
-1614.51 -6672.63 0
-1166.61 -6765.95 0
-713.543 -6829.23 0
-257.306 -6862.21 0
200.072 -6864.75 0
656.563 -6836.85 0
1110.14 -6778.64 0
1558.8 -6690.39 0
2000.56 -6572.49 0
2433.45 -6425.47 0
2855.56 -6250 0
3265.03 -6046.86 0
3660.06 -5816.96 0
4038.88 -5561.31 0
4399.84 -5281.06 0
4741.33 -4977.46 0
5061.87 -4651.84 0
5360.02 -4305.66 0
5634.48 -3940.44 0
5884.04 -3557.82 0
6107.6 -3159.47 0
6304.18 -2747.16 0
6472.92 -2322.72 0
6613.07 -1888.03 0
6724.01 -1444.99 0
6805.26 -995.573 0
6856.47 -541.76 0
6877.4 -85.5561 0
6867.97 371.026 0
6828.22 825.97 0
6758.33 1277.27 0
6658.6 1722.93 0
6529.48 2160.98 0
6371.52 2589.49 0
6185.43 3006.57 0
5972.03 3410.37 0
5732.26 3799.11 0
5467.16 4171.07 0
5177.92 4524.6 0
4865.8 4858.15 0
4532.18 5170.23 0
4178.53 5459.45 0
3806.4 5724.55 0
3417.45 5964.33 0
3013.39 6177.74 0
2595.99 6363.82 0
2167.11 6521.74 0
1728.64 6650.8 0
1282.52 6750.42 0
830.715 6820.15 0
375.234 6859.68 0
-81.909 6868.81 0
-538.689 6847.51 0
-993.081 6795.85 0
-1443.07 6714.06 0
-1886.66 6602.49 0
-2321.88 6461.63 0
-2746.79 6292.09 0
-3159.51 6094.63 0
-3558.21 5870.1 0
-3941.1 5619.51 0
-4306.48 5343.95 0
-4652.73 5044.65 0
-4978.3 4722.93 0
-5281.74 4380.21 0
-5561.7 4018.02 0
-5816.92 3637.95 0
-6046.27 3241.71 0
-6248.72 2831.05 0
-6423.37 2407.79 0
-6569.44 1973.82 0
-6686.27 1531.06 0
-6773.34 1081.48 0
-6830.26 627.098 0
-6856.77 169.92 0
-6852.76 -288.015 0
-6818.25 -744.667 0
-6753.37 -1198 0
-6658.44 -1646.01 0
-6533.86 -2086.68 0
-6380.2 -2518.07 0
-6198.13 -2938.25 0
-5988.48 -3345.35 0
-5752.18 -3737.56 0
-5490.28 -4113.15 0
-5203.96 -4470.43 0
-4894.48 -4807.82 0
-4563.23 -5123.83 0
-4211.69 -5417.05 0
-3841.42 -5686.18 0
-3454.08 -5930.04 0
-3051.39 -6147.55 0
-2635.13 -6337.74 0
-2207.17 -6499.77 0
-1769.41 -6632.94 0
-1323.79 -6736.66 0
-872.298 -6810.47 0
-416.932 -6854.06 0
40.2831 -6867.25 0
497.32 -6849.97 0
952.152 -6802.32 0
1402.76 -6724.52 0
1847.16 -6616.92 0
2283.37 -6480.01 0
2709.47 -6314.39 0
3123.57 -6120.82 0
3523.84 -5900.14 0
3908.52 -5653.36 0
4275.91 -5381.57 0
4624.38 -5085.97 0
4952.4 -4767.87 0
5258.53 -4428.7 0
5541.4 -4069.95 0
5799.79 -3693.21 0
6032.55 -3300.15 0
6238.66 -2892.51 0
6417.21 -2472.09 0
6567.41 -2040.76 0
6688.62 -1600.41 0
6780.28 -1153 0
6842.01 -700.491 0
6873.53 -244.892 0
6874.7 211.787 0
6845.53 667.532 0
6786.13 1120.33 0
6696.78 1568.18 0
6577.86 2009.11 0
6429.89 2441.17 0
6253.54 2862.45 0
6049.58 3271.09 0
5818.9 3665.29 0
5562.52 4043.29 0
5281.57 4403.44 0
4977.29 4744.14 0
4651.01 5063.87 0
4304.18 5361.22 0
3938.33 5634.88 0
3555.07 5883.63 0
3156.09 6106.36 0
2743.14 6302.08 0
2318.07 6469.92 0
1882.73 6609.13 0
1439.06 6719.09 0
989.025 6799.3 0
534.606 6849.4 0
77.8196 6869.17 0
-379.312 6858.49 0
-834.762 6817.42 0
-1286.51 6746.12 0
-1732.56 6644.9 0
-2170.91 6514.21 0
-2599.64 6354.62 0
-3016.83 6166.82 0
-3420.62 5951.65 0
-3809.23 5710.05 0
-4180.92 5443.08 0
-4534.03 5151.93 0
-4866.99 4837.89 0
-5178.32 4502.34 0
-5466.63 4146.78 0
-5730.62 3772.78 0
-5969.14 3382 0
-6181.1 2976.17 0
-6365.56 2557.11 0
-6521.69 2126.66 0
-6648.8 1686.75 0
-6746.33 1239.34 0
-6813.82 786.408 0
-6850.98 329.975 0
-6857.64 -127.926 0
-6833.78 -585.258 0
-6779.49 -1039.98 0
-6695.02 -1490.08 0
-6580.75 -1933.54 0
-6437.18 -2368.4 0
-6264.95 -2792.71 0
-6064.84 -3204.59 0
-5837.74 -3602.21 0
-5584.66 -3983.8 0
-5306.73 -4347.66 0
-5005.19 -4692.18 0
-4681.38 -5015.83 0
-4336.76 -5317.17 0
-3972.85 -5594.87 0
-3591.27 -5847.69 0
-3193.74 -6074.52 0
-2782.01 -6274.36 0
-2357.92 -6446.32 0
-1923.36 -6589.65 0
-1480.26 -6703.71 0
-1030.59 -6788.02 0
-576.338 -6842.2 0
-119.533 -6866.02 0
337.803 -6859.38 0
793.64 -6822.32 0
1245.96 -6755.02 0
1692.76 -6657.78 0
2132.05 -6531.04 0
2561.91 -6375.37 0
2980.41 -6191.46 0
3385.72 -5980.15 0
3776.05 -5742.36 0
4149.67 -5479.17 0
4504.93 -5191.73 0
4840.26 -4881.34 0
5154.19 -4549.35 0
5445.34 -4197.26 0
5712.42 -3826.61 0
5954.25 -3439.06 0
6169.77 -3036.3 0
6358.04 -2620.14 0
6518.23 -2192.4 0
6649.62 -1754.97 0
6751.65 -1309.8 0
6823.87 -858.846 0
6865.96 -404.098 0
6877.74 52.4344 0
6859.15 508.735 0
6810.28 962.79 0
6731.34 1412.59 0
6622.69 1856.16 0
6484.8 2291.54 0
6318.28 2716.79 0
6123.86 3130.05 0
5902.4 3529.49 0
5654.87 3913.34 0
5382.37 4279.91 0
5086.09 4627.57 0
4767.34 4954.78 0
4427.52 5260.1 0
4068.14 5542.18 0
3690.77 5799.75 0
3297.08 6031.68 0
2888.81 6236.94 0
2467.77 6414.61 0
2035.8 6563.89 0
1594.83 6684.13 0
1146.8 6774.78 0
693.685 6835.43 0
237.501 6865.8 0
-219.735 6865.76 0
-675.997 6835.29 0
-1129.26 6774.53 0
-1577.52 6683.72 0
-2018.78 6563.27 0
-2451.09 6413.7 0
-2872.52 6235.67 0
-3281.19 6029.97 0
-3675.3 5797.48 0
-4053.09 5539.25 0
-4412.87 5256.42 0
-4753.04 4950.22 0
-5072.09 4622.03 0
-5368.59 4273.29 0
-5641.22 3905.55 0
-5888.76 3520.44 0
-6110.11 3119.68 0
-6304.28 2705.03 0
-6470.4 2278.35 0
-6607.73 1841.53 0
-6715.65 1396.52 0
-6793.68 945.289 0
-6841.46 489.851 0
-6858.8 32.2323 0
-6845.6 -425.53 0
-6801.92 -881.397 0
-6727.96 -1333.34 0
-6624.06 -1779.35 0
-6490.66 -2217.44 0
-6328.37 -2645.65 0
-6137.91 -3062.09 0
-5920.13 -3464.9 0
-5676 -3852.29 0
-5406.62 -4222.54 0
-5113.18 -4574 0
-4796.99 -4905.11 0
-4459.47 -5214.41 0
-4102.11 -5500.51 0
-3726.52 -5762.16 0
-3334.36 -5998.2 0
-2927.38 -6207.58 0
-2507.4 -6389.37 0
-2076.27 -6542.78 0
-1635.93 -6667.14 0
-1188.32 -6761.89 0
-735.437 -6826.63 0
-279.289 -6861.07 0
178.097 -6865.08 0
634.694 -6838.63 0
1088.48 -6781.87 0
1537.43 -6695.04 0
1979.58 -6578.54 0
2412.95 -6432.9 0
2835.64 -6258.77 0
3245.77 -6056.92 0
3641.54 -5828.27 0
4021.18 -5573.81 0
4383.04 -5294.7 0
4725.51 -4992.17 0
5047.08 -4667.56 0
5346.34 -4322.31 0
5621.96 -3957.96 0
5872.74 -3576.11 0
6097.56 -3178.46 0
6295.45 -2766.77 0
6465.52 -2342.86 0
6607.04 -1908.59 0
6719.39 -1465.9 0
6802.06 -1016.74 0
6854.69 -563.087 0
6877.06 -106.947 0
6869.07 349.664 0
6830.76 804.731 0
6762.29 1256.25 0
6663.96 1702.22 0
6536.22 2140.67 0
6379.62 2569.67 0
6194.85 2987.33 0
5982.73 3391.8 0
5744.18 3781.28 0
5480.27 4154.07 0
5192.15 4508.51 0
4881.09 4843.03 0
4548.47 5156.15 0
4195.74 5446.49 0
3824.47 5712.75 0
3436.29 5953.76 0
3032.92 6168.44 0
2616.13 6355.83 0
2187.77 6515.11 0
1749.73 6645.56 0
1303.94 6746.59 0
852.382 6817.76 0
397.048 6858.73 0
-60.0449 6869.32 0
-516.872 6849.47 0

-4619.35 -5089.8 -0.266944
-4271.29 -5385.89 -0.265856
-3904.34 -5658.16 -0.263591
-3520.13 -5905.42 -0.260162
-3120.36 -6126.57 -0.255582
-2706.8 -6320.64 -0.249872
-2281.28 -6486.78 -0.243059
-1845.68 -6624.26 -0.235171
-1401.92 -6732.48 -0.226245
-951.974 -6810.97 -0.21632
-497.823 -6859.37 -0.205439
-41.4733 -6877.49 -0.193651
415.06 -6865.24 -0.181008
869.76 -6822.68 -0.167565
1320.62 -6749.99 -0.153383
1765.65 -6647.51 -0.138524
2202.89 -6515.68 -0.123054
2630.4 -6355.08 -0.10704
3046.29 -6166.43 -0.0905532
3448.74 -5950.56 -0.073667
3835.96 -5708.41 -0.0564555
4206.25 -5441.05 -0.0389947
4557.95 -5149.67 -0.0213618
4889.53 -4835.54 -0.00363452
5199.51 -4500.06 0.0141088
5486.52 -4144.69 0.0317897
5749.29 -3771.02 0.0493302
5986.66 -3380.67 0.0666526
6197.56 -2975.39 0.0836804
6381.06 -2556.95 0.100338
6536.34 -2127.21 0.116552
6662.72 -1688.05 0.132251
6759.62 -1241.43 0.147365
6826.61 -789.316 0.161826
6863.39 -333.709 0.175571
6869.78 123.377 0.188539
6845.75 579.915 0.200672
6791.39 1033.88 0.211916
6706.94 1483.27 0.222221
6592.77 1926.09 0.231541
6449.37 2360.36 0.239835
6277.36 2784.17 0.247065
6077.52 3195.63 0.253199
5850.7 3592.91 0.258209
5597.93 3974.24 0.262074
5320.29 4337.93 0.264775
5019.04 4682.36 0.2663
4695.49 5005.99 0.266643
4351.08 5307.38 0.265801
3987.34 5585.18 0.263778
3605.87 5838.16 0.260582
3208.37 6065.19 0.256228
2796.61 6265.24 0.250734
2372.41 6437.43 0.244125
1937.65 6580.98 0.236431
1494.28 6695.26 0.227684
1044.25 6779.75 0.217925
589.582 6834.06 0.207196
132.287 6857.96 0.195544
-325.597 6851.33 0.183022
-782.032 6814.21 0.169686
-1234.99 6746.75 0.155594
-1682.44 6649.26 0.140809
-2122.41 6522.16 0.125398
-2552.92 6366.03 0.109428
-2972.07 6181.56 0.0929715
-3378 5969.57 0.0761008
-3768.88 5731.01 0.0588914
-4142.99 5466.94 0.0414199
-4498.66 5178.53 0.0237641
-4834.31 4867.09 0.00600254
-5148.45 4533.98 -0.0117857
-5439.68 4180.71 -0.0295215
-5706.72 3808.83 -0.047126
-5948.37 3420.02 -0.0645208
-6163.58 3016 -0.0816288
-6351.38 2598.57 -0.0983738
-6510.96 2169.59 -0.114682
-6641.59 1730.97 -0.13048
-6742.72 1284.65 -0.145698
-6813.91 832.635 -0.160269
-6854.83 376.92 -0.174129
-6865.32 -80.4695 -0.187215
-6845.34 -537.502 -0.199471
-6794.99 -992.149 -0.210841
-6714.5 -1442.4 -0.221276
-6604.23 -1886.25 -0.23073
-6464.68 -2321.73 -0.239161
-6296.48 -2746.93 -0.246532
-6100.38 -3159.96 -0.25281
-5877.25 -3558.98 -0.257969
-5628.1 -3942.25 -0.261985
-5354.03 -4308.07 -0.264841
-5056.26 -4654.81 -0.266525
-4736.12 -4980.96 -0.26703
-4395.03 -5285.07 -0.266353
-4034.5 -5565.81 -0.264499
-3656.12 -5821.93 -0.261474
-3261.59 -6052.32 -0.257294
-2852.63 -6255.96 -0.251976
-2431.08 -6431.95 -0.245545
-1998.77 -6579.52 -0.238029
-1557.64 -6698.02 -0.229462
-1109.63 -6786.94 -0.21988
-656.719 -6845.88 -0.209328
-200.906 -6874.59 -0.197851
255.793 -6872.94 -0.185501
711.363 -6840.95 -0.172332
1163.79 -6778.76 -0.158402
1611.08 -6686.64 -0.143772
2051.26 -6565 -0.128508
2482.39 -6414.38 -0.112677
2902.55 -6235.44 -0.0963477
3309.9 -6028.97 -0.0795934
3702.64 -5795.88 -0.0624878
4079.03 -5537.2 -0.0451062
4437.4 -5254.07 -0.0275256
4776.18 -4947.74 -0.00982332
5093.86 -4619.55 0.00792228
5389.05 -4270.96 0.0256329
5660.42 -3903.5 0.0432302
5906.78 -3518.79 0.0606364
6127.03 -3118.53 0.0777747
6320.2 -2704.48 0.0945691
6485.43 -2278.48 0.110945
6621.98 -1842.4 0.126831
6729.23 -1398.16 0.142156
6806.71 -947.749 0.156851
6854.07 -493.138 0.170853
6871.09 -36.3447 0.184098
6857.68 420.61 0.196528
6813.9 875.701 0.208087
6739.93 1326.91 0.218725
6636.1 1772.24 0.228393
6502.84 2209.72 0.237049
6340.76 2637.4 0.244653
6150.55 3053.38 0.251173
5933.06 3455.81 0.256578
5689.24 3842.91 0.260845
5420.16 4212.95 0.263954
5127.02 4564.28 0.265891
4811.11 4895.35 0.266647
4473.83 5204.67 0.266218
4116.67 5490.86 0.264607
3741.21 5752.65 0.26182
3349.12 5988.86 0.257868
2942.15 6198.45 0.252771
2522.08 6380.48 0.246549
2090.8 6534.12 0.23923
1650.22 6658.7 0.230847
1202.3 6753.65 0.221438
749.027 6818.54 0.211042
292.42 6853.1 0.199708
-165.488 6857.15 0.187485
-622.66 6830.67 0.174427
-1077.06 6773.79 0.160593
-1526.66 6686.76 0.146044
-1969.47 6569.96 0.130844
-2403.51 6423.9 0.115062
-2826.85 6249.25 0.0987684
-3237.61 6046.78 0.0820347
-3633.96 5817.4 0.0649359
-4014.12 5562.12 0.047548
-4376.43 5282.08 0.0299485
-4719.25 4978.53 0.0122157
-5041.08 4652.83 -0.00557136
-5340.47 4306.43 -0.0233336
-5616.11 3940.87 -0.0409921
-5866.77 3557.79 -0.0584682
-6091.34 3158.88 -0.0756843
-6288.82 2745.92 -0.0925639
-6458.35 2320.76 -0.109032
-6599.18 1885.28 -0.125015
-6710.68 1441.43 -0.140443
-6792.37 991.175 -0.155247
-6843.9 536.517 -0.169362
-6865.04 79.4772 -0.182724
-6855.7 -377.916 -0.195276
-6815.95 -833.632 -0.206961
-6745.95 -1285.65 -0.217727
-6646.04 -1731.97 -0.227528
-6516.65 -2170.6 -0.236321
-6358.38 -2599.62 -0.244065
-6171.94 -3017.11 -0.250728
-5958.14 -3421.24 -0.25628
-5717.96 -3810.21 -0.260697
-5452.46 -4182.32 -0.26396
-5162.83 -4535.91 -0.266054
-4850.34 -4869.42 -0.266971
-4516.4 -5181.4 -0.266706
-4162.48 -5470.45 -0.265262
-3790.14 -5735.31 -0.262645
-3401.06 -5974.81 -0.258866
-2996.93 -6187.9 -0.253943
-2579.56 -6373.64 -0.247898
-2150.8 -6531.22 -0.240757
-1712.53 -6659.94 -0.232553
-1266.69 -6759.24 -0.223321
-815.263 -6828.69 -0.213103
-360.233 -6867.98 -0.201944
96.3877 -6876.95 -0.189893
552.583 -6855.55 -0.177004
1006.34 -6803.88 -0.163333
1455.65 -6722.17 -0.148941
1898.54 -6610.78 -0.133892
2333.04 -6470.22 -0.118251
2757.25 -6301.08 -0.102089
3169.28 -6104.13 -0.0854756
3567.32 -5880.23 -0.068485
3949.61 -5630.37 -0.0511921
4314.46 -5355.64 -0.0336732
4660.25 -5057.27 -0.0160055
4985.47 -4736.56 0.00173275
5288.66 -4394.92 0.0194634
5568.49 -4033.88 0.0371079
5823.72 -3655 0.0545886
6053.21 -3259.98 0.0718279
6255.94 -2850.55 0.0887498
6431.02 -2428.51 0.105279
6577.66 -1995.74 0.121343
6695.2 -1554.14 0.13687
6783.13 -1105.66 0.151792
6841.04 -652.296 0.166042
6868.68 -196.041 0.179557
6865.9 261.082 0.192277
6832.72 717.048 0.204145
6769.27 1169.84 0.21511
6675.83 1617.45 0.225121
6552.8 2057.88 0.234134
6400.72 2489.2 0.242109
6220.25 2909.47 0.249011
6012.2 3316.84 0.254808
5777.46 3709.5 0.259474
5517.09 4085.68 0.262989
5232.22 4443.74 0.265336
4924.12 4782.05 0.266505
4594.14 5099.13 0.26649
4243.76 5393.55 0.265292
3874.52 5664.01 0.262914
3488.05 5909.29 0.259368
3086.08 6128.3 0.254668
2670.39 6320.05 0.248836
2242.82 6483.7 0.241898
1805.27 6618.51 0.233883
1359.69 6723.87 0.224828
908.062 6799.32 0.214773
452.392 6844.5 0.203762
-5.29069 6859.23 0.191844
-462.95 6843.42 0.179072
-918.549 6797.15 0.165503
-1370.06 6720.62 0.151197
-1815.47 6614.17 0.136218
-2252.8 6478.28 0.120632
-2680.1 6313.55 0.10451
-3095.46 6120.71 0.0879226
-3497.05 5900.62 0.0709436
-3883.07 5654.27 0.0536489
-4251.81 5382.75 0.0361154
-4601.62 5087.27 0.0184212
-4930.96 4769.16 0.000644972
-5238.36 4429.82 -0.0171341
-5522.45 4070.77 -0.0348368
-5781.97 3693.62 -0.0523846
-6015.78 3300.04 -0.0696994
-6222.84 2891.79 -0.0867043
-6402.24 2470.68 -0.103324
-6553.17 2038.58 -0.119484
-6674.99 1597.43 -0.135113
-6767.15 1149.18 -0.150142
-6829.25 695.829 -0.164503
-6861.03 239.386 -0.178135
-6862.35 -218.12 -0.190975
-6833.21 -674.658 -0.202968
-6773.75 -1128.2 -0.214061
-6684.25 -1576.74 -0.224203
-6565.1 -2018.29 -0.233352
-6416.85 -2450.89 -0.241466
-6240.16 -2872.63 -0.248509
-6035.82 -3281.64 -0.254452
-5804.74 -3676.11 -0.259267
-5547.95 -4054.31 -0.262935
-5266.6 -4414.55 -0.265438
-4961.95 -4755.26 -0.266766
-4635.33 -5074.92 -0.266914
-4288.21 -5372.13 -0.265881
-3922.12 -5645.58 -0.263672
-3538.69 -5894.07 -0.260297
-3139.62 -6116.5 -0.255772
-2726.66 -6311.9 -0.250115
-2301.66 -6479.4 -0.243354
-1866.49 -6618.27 -0.235517
-1423.07 -6727.91 -0.22664
-973.37 -6807.82 -0.216762
-519.367 -6857.67 -0.205926
-63.0714 -6877.24 -0.194181
393.503 -6866.44 -0.181579
848.34 -6825.33 -0.168175
1299.43 -6754.07 -0.154028
1744.79 -6653.01 -0.139202
2182.44 -6522.57 -0.123761
2610.46 -6363.33 -0.107773
3026.95 -6176 -0.0913102
3430.08 -5961.41 -0.0744439
3818.06 -5720.5 -0.0572489
4189.19 -5454.32 -0.0398012
4541.82 -5164.07 -0.0221778
4874.39 -4851 -0.00445642
5185.43 -4516.51 0.0132846
5473.56 -4162.07 0.0309669
5737.52 -3789.24 0.0485124
5976.11 -3399.67 0.0658434
6188.3 -2995.07 0.0828835
6373.13 -2577.23 0.0995571
6529.79 -2148 0.115791
6657.56 -1709.27 0.131512
6755.89 -1262.98 0.146651
6824.32 -811.097 0.161142
6862.56 -355.626 0.17492
6870.41 101.418 0.187923
6847.85 558.013 0.200094
6794.95 1012.14 0.211378
6711.95 1461.78 0.221727
6599.21 1904.94 0.231092
6457.21 2339.65 0.239434
6286.58 2764 0.246713
6088.07 3176.08 0.252899
5862.55 3574.07 0.257962
5611.02 3956.21 0.261881
5334.57 4320.78 0.264637
5034.45 4666.17 0.266218
4711.96 4990.83 0.266617
4368.54 5293.32 0.265831
4005.71 5572.3 0.263864
3625.08 5826.5 0.260725
3228.33 6054.81 0.256426
2817.23 6256.2 0.250987
2393.61 6429.76 0.244433
1959.33 6574.73 0.236791
1516.34 6690.44 0.228095
1066.6 6776.39 0.218385
612.117 6832.19 0.207703
154.908 6857.57 0.196096
-302.99 6852.44 0.183617
-759.539 6816.8 0.170321
-1212.71 6750.82 0.156266
-1660.48 6654.79 0.141516
-2100.85 6529.13 0.126135
-2531.88 6374.4 0.110194
-2951.63 6191.3 0.0937611
-3358.24 5980.63 0.0769114
-3749.91 5743.35 0.0597192
-4124.88 5480.49 0.0422613
-4481.49 5193.24 0.0246153
-4818.16 4882.89 0.00685981
-5133.39 4550.8 -0.0109262
-5425.78 4198.46 -0.0286636
-5694.03 3827.45 -0.0462734
-5936.96 3439.42 -0.0636774
-6153.48 3036.08 -0.0807983
-6342.64 2619.25 -0.0975598
-6503.61 2190.78 -0.113888
-6635.68 1752.57 -0.129709
-6738.26 1306.57 -0.144955
-6810.9 854.768 -0.159556
-6853.3 399.17 -0.173449
-6865.27 -58.2009 -0.186571
-6846.77 -515.313 -0.198866
-6797.88 -970.139 -0.210277
-6718.84 -1420.66 -0.220756
-6610 -1864.88 -0.230256
-6471.84 -2300.84 -0.238735
-6305 -2726.59 -0.246156
-6110.22 -3140.26 -0.252486
-5888.37 -3540.02 -0.257697
-5640.44 -3924.1 -0.261767
-5367.54 -4290.8 -0.264678
-5070.87 -4638.51 -0.266417
-4751.76 -4965.7 -0.266977
-4411.63 -5270.91 -0.266355
-4051.99 -5552.81 -0.264556
-3674.42 -5810.15 -0.261587
-3280.61 -6041.8 -0.257461
-2872.3 -6246.74 -0.252197
-2451.29 -6424.08 -0.245818
-2019.45 -6573.03 -0.238353
-1578.69 -6692.94 -0.229835
-1130.95 -6783.29 -0.220302
-678.224 -6843.67 -0.209796
-222.498 -6873.83 -0.198363
234.21 -6873.64 -0.186055
689.884 -6843.1 -0.172925
1142.51 -6782.34 -0.159031
1590.1 -6691.64 -0.144435
2030.66 -6571.4 -0.129202
2462.26 -6422.15 -0.113398
2882.99 -6244.55 -0.097094
3290.99 -6039.38 -0.0803611
3684.46 -5807.54 -0.0632734
4061.67 -5550.06 -0.0459063
4420.93 -5268.08 -0.0283366
4760.68 -4962.83 -0.0106418
5079.4 -4635.66 0.00710001
5375.68 -4288.02 0.0248104
5648.22 -3921.44 0.0424112
5895.8 -3537.52 0.0598246
6117.32 -3137.98 0.0769735
6311.81 -2724.56 0.0937822
6478.39 -2299.1 0.110176
6616.32 -1863.47 0.126083
6724.99 -1419.6 0.141432
6803.91 -969.454 0.156156
6852.73 -515.015 0.170188
6871.21 -58.2958 0.183467
6859.27 398.681 0.195934
6816.95 853.892 0.207533
6744.43 1305.32 0.218213
6642.04 1750.97 0.227926
56.19 -6762.32 -0.155527
1256.2 -6762.31 -0.155527
1256.2 -6762.31 -0.155527
1256.21 -6762.31 -0.155527
1256.21 -6762.31 -0.155527
1256.22 -6762.31 -0.155527
1256.22 -6762.31 -0.155526
1256.23 -6762.31 -0.155526
1256.23 -6762.31 -0.155526
1256.24 -6762.31 -0.155526
1256.24 -6762.31 -0.155526
1256.25 -6762.3 -0.155526
1256.26 -6762.3 -0.155525
96 -0.165914
-6852.4 422.928 -0.17279
-6862.99 194.39 -0.179475
-6865.96 -34.3632 -0.18596
-6861.32 -263.079 -0.192239
-6849.06 -491.502 -0.198304
-6829.2 -719.38 -0.20415
-6801.77 -946.46 -0.209769
-6766.79 -1172.49 -0.215155
-6724.31 -1397.22 -0.220303
-6674.38 -1620.4 -0.225207
-6617.04 -1841.79 -0.22986
-6552.37 -2061.13 -0.234259
-6480.43 -2278.19 -0.238399
-6401.32 -2492.72 -0.242274
-6315.11 -2704.49 -0.245881
-6221.9 -2913.27 -0.249215
-6121.8 -3118.81 -0.252273
-6014.92 -3320.91 -0.255052
-5901.38 -3519.32 -0.257548
-5781.31 -3713.84 -0.259759
-5654.83 -3904.25 -0.261683
-5522.1 -4090.33 -0.263317
-5383.25 -4271.89 -0.264659
-5238.44 -4448.72 -0.265709
-5087.84 -4620.63 -0.266464
-4931.61 -4787.42 -0.266925
-4769.92 -4948.92 -0.26709
-4602.96 -5104.94 -0.26696
-4430.9 -5255.32 -0.266534
-4253.95 -5399.88 -0.265814
-4072.29 -5538.48 -0.2648
-3886.12 -5670.95 -0.263493
-3695.67 -5797.15 -0.261895
-3501.12 -5916.94 -0.260007
-3302.71 -6030.19 -0.257832
-3100.64 -6136.78 -0.255372
-2895.15 -6236.58 -0.252629
-2686.46 -6329.5 -0.249608
-2474.8 -6415.42 -0.246311
-2260.41 -6494.25 -0.242741
-2043.52 -6565.9 -0.238904
-1824.37 -6630.31 -0.234802
-1603.21 -6687.39 -0.230441
-1380.28 -6737.08 -0.225826
-1155.82 -6779.34 -0.220961
-930.085 -6814.1 -0.215852
-703.323 -6841.34 -0.210505
-475.785 -6861.03 -0.204926
-247.721 -6873.14 -0.19912
-19.3844 -6877.66 -0.193094
208.974 -6874.59 -0.186855
437.102 -6863.92 -0.18041
664.747 -6845.68 -0.173765
891.658 -6819.89 -0.166929
1117.58 -6786.56 -0.159908
1342.28 -6745.74 -0.152711
1565.49 -6697.47 -0.145345
1786.97 -6641.81 -0.137819
2006.48 -6578.81 -0.130141
2223.78 -6508.56 -0.122319
2438.62 -6431.12 -0.114362
2650.76 -6346.57 -0.106278
2859.99 -6255.02 -0.0980778
3066.05 -6156.57 -0.0897689
3268.73 -6051.32 -0.0813609
3467.8 -5939.38 -0.072863
3663.04 -5820.89 -0.0642847
3854.23 -5695.97 -0.0556355
4041.17 -5564.77 -0.0469248
4223.65 -5427.41 -0.0381622
4401.46 -5284.06 -0.0293576
4574.41 -5134.88 -0.0205205
4742.31 -4980.03 -0.0116608
4904.98 -4819.67 -0.00278814
5062.22 -4653.99 0.00608755
5213.87 -4483.17 0.0149565
5359.76 -4307.4 0.023809
5499.73 -4126.86 0.0326351
5633.62 -3941.77 0.0414252
5761.28 -3752.32 0.0501694
5882.58 -3558.73 0.0588583
5997.38 -3361.2 0.067482
6105.54 -3159.95 0.0760312
6206.96 -2955.21 0.0844963
6301.51 -2747.21 0.092868
6389.1 -2536.16 0.101137
6469.62 -2322.31 0.109294
6542.99 -2105.9 0.11733
6609.11 -1887.15 0.125237
6667.93 -1666.32 0.133005
6719.37 -1443.64 0.140626
6763.37 -1219.37 0.148091
6799.89 -993.741 0.155392
6828.89 -767.017 0.162521
6850.32 -539.443 0.169471
6864.17 -311.273 0.176232
6870.42 -82.7578 0.182799
6869.06 145.849 0.189163
6860.09 374.294 0.195318
6843.52 602.325 0.201256
6819.38 829.688 0.206971
6787.67 1056.13 0.212457
6748.45 1281.41 0.217708
6701.74 1505.26 0.222717
6647.61 1727.44 0.22748
6586.11 1947.71 0.23199
6517.3 2165.82 0.236243
6441.27 2381.53 0.240234
6358.09 2594.6 0.243958
6267.86 2804.79 0.247412
6170.68 3011.87 0.250592
6066.65 3215.6 0.253493
5955.89 3415.77 0.256113
5838.52 3612.15 0.258449
5714.67 3804.51 0.260498
5584.47 3992.66 0.262258
5448.07 4176.37 0.263727
5305.63 4355.44 0.264902
5157.29 4529.68 0.265784
5003.22 4698.88 0.26637
4843.6 4862.86 0.266661
4678.59 5021.45 0.266655
4508.39 5174.45 0.266353
4333.17 5321.7 0.265755
4153.14 5463.04 0.264861
3968.49 5598.31 0.263674
3779.44 5727.35 0.262193
3586.18 5850.03 0.26042
3388.93 5966.2 0.258358
3187.91 6075.73 0.256009
2983.35 6178.51 0.253375
2775.48 6274.42 0.250459
2564.51 6363.35 0.247265
2350.69 6445.21 0.243796
2134.26 6519.89 0.240055
1915.45 6587.32 0.236047
1694.51 6647.41 0.231777
1471.69 6700.12 0.227249
1247.23 6745.36 0.222468
1021.38 6783.1 0.217439
794.39 6813.29 0.212169
566.52 6835.9 0.206662
338.018 6850.9 0.200925
109.141 6858.28 0.194965
-119.858 6858.02 0.188787
-348.724 6850.12 0.1824
-577.201 6834.6 0.175809
-805.036 6811.48 0.169023
-1031.97 6780.76 0.162048
-1257.76 6742.51 0.154893
-1482.15 6696.74 0.147566
-1704.89 6643.52 0.140074
-1925.73 6582.9 0.132427
-2144.43 6514.96 0.124632
-2360.74 6439.76 0.116698
-2574.42 6357.39 0.108634
-2785.24 6267.94 0.10045
-2992.96 6171.52 0.0921535
-3197.34 6068.23 0.0837545
-3398.16 5958.18 0.0752623
-3595.21 5841.5 0.0666863
-3788.25 5718.32 0.0580361
-3977.07 5588.77 0.0493213
-4161.47 5453 0.0405516
-4341.23 5311.17 0.0317368
-4516.17 5163.42 0.0228867
-4686.08 5009.93 0.0140111
-4850.77 4850.86 0.00511986
-5010.07 4686.4 -0.00377702
-5163.79 4516.72 -0.0126697
-5311.77 4342.02 -0.0215483
-5453.84 4162.48 -0.0304029
-5589.85 3978.32 -0.0392237
-5719.63 3789.73 -0.0480008
-5843.06 3596.93 -0.0567246
-5959.99 3400.13 -0.0653853
-6070.29 3199.54 -0.0739733
-6173.84 2995.4 -0.082479
-6270.53 2787.93 -0.0908931
-6360.25 2577.36 -0.0992061
-6442.9 2363.93 -0.107409
-6518.39 2147.87 -0.115492
-6586.64 1929.42 -0.123447
-6647.57 1708.83 -0.131265
-6701.11 1486.34 -0.138937
-6747.21 1262.2 -0.146455
-6785.82 1036.66 -0.15381
-6816.89 809.969 -0.160994
-6840.4 582.376 -0.168
-6856.31 354.137 -0.174819
-6864.6 125.505 -0.181444
-6865.28 -103.267 -0.187867
-6858.34 -331.923 -0.194082
-6843.79 -560.212 -0.200082
-6821.65 -787.879 -0.20586
-6791.94 -1014.67 -0.211409
-6754.7 -1240.34 -0.216724
-6709.96 -1464.63 -0.221798
-6657.79 -1687.3 -0.226627
-6598.24 -1908.1 -0.231204
-6531.37 -2126.78 -0.235525
-6457.26 -2343.1 -0.239585
-6375.99 -2556.83 -0.24338
-6287.66 -2767.73 -0.246904
-6192.37 -2975.56 -0.250156
-6090.21 -3180.09 -0.25313
-5981.31 -3381.1 -0.255824
-5865.78 -3578.37 -0.258234
-5743.76 -3771.67 -0.260358
-5615.38 -3960.8 -0.262195
-5480.79 -4145.54 -0.263741
-5340.13 -4325.7 -0.264995
-5193.55 -4501.06 -0.265955
-5041.23 -4671.45 -0.266622
-4883.34 -4836.67 -0.266993
-4720.04 -4996.53 -0.267069
-4551.51 -5150.87 -0.26685
-4377.96 -5299.52 -0.266335
-4199.56 -5442.3 -0.265526
-4016.52 -5579.06 -0.264424
-3829.04 -5709.66 -0.263029
-3637.32 -5833.94 -0.261343
-3441.59 -5951.77 -0.259368
-3242.05 -6063.03 -0.257107
-3038.92 -6167.58 -0.254561
-2832.44 -6265.32 -0.251734
-2622.83 -6356.14 -0.248629
-2410.32 -6439.93 -0.245249
-2195.15 -6516.6 -0.241598
-1977.55 -6586.08 -0.237681
-1757.77 -6648.28 -0.2335
-1536.04 -6703.14 -0.229062
-1312.62 -6750.59 -0.224371
-1087.75 -6790.59 -0.219432
-861.681 -6823.09 -0.214251
-634.658 -6848.06 -0.208833
-406.934 -6865.46 -0.203184
-178.76 -6875.28 -0.197312
49.6103 -6877.51 -0.191221
277.926 -6872.15 -0.184919
505.936 -6859.2 -0.178413
733.386 -6838.67 -0.17171
960.027 -6810.6 -0.164817
1185.61 -6775.01 -0.157743
1409.88 -6731.93 -0.150494
1632.6 -6681.43 -0.143079
1853.51 -6623.55 -0.135507
2072.38 -6558.35 -0.127784
2288.96 -6485.92 -0.119921
2503.01 -6406.33 -0.111925
2714.3 -6319.66 -0.103806
2922.59 -6226.02 -0.0955715
3127.65 -6125.5 -0.087232
3329.27 -6018.22 -0.0787962
3527.2 -5904.29 -0.0702734
3721.24 -5783.85 -0.061673
3911.18 -5657.02 -0.0530045
4096.79 -5523.94 -0.0442775
4277.88 -5384.76 -0.0355016
4454.25 -5239.64 -0.0266865
4625.69 -5088.73 -0.0178419
4792.03 -4932.2 -0.0089776
4953.07 -4770.22 -0.000103396
5108.65 -4602.97 0.00877092
5258.58 -4430.63 0.0176355
5402.7 -4253.41 0.0264807
5540.85 -4071.48 0.0352965
5672.87 -3885.05 0.0440734
5798.63 -3694.33 0.0528015
5917.98 -3499.53 0.0614713
6030.79 -3300.85 0.0700732
6136.93 -3098.53 0.0785976
6236.29 -2892.79 0.087035
6328.75 -2683.84 0.0953763
6414.22 -2471.93 0.103612
6492.59 -2257.28 0.111733
6563.78 -2040.14 0.119731
6627.71 -1820.74 0.127596
6684.3 -1599.33 0.13532
6733.51 -1376.15 0.142894
6775.26 -1151.44 0.150311
6809.51 -925.462 0.15756
6836.23 -698.458 0.164636
6855.38 -470.681 0.171529
6866.93 -242.383 0.178232
6870.89 -13.8159 0.184738
6867.24 214.766 0.191039
6855.98 443.11 0.197129
6837.12 670.963 0.203001
6810.7 898.073 0.208647
6776.72 1124.19 0.214062
6735.24 1349.06 0.21924
6686.29 1572.43 0.224176
6629.93 1794.06 0.228862
6566.22 2013.7 0.233295
6495.23 2231.11 0.237469
6417.04 2446.05 0.24138
6331.72 2658.27 0.245023
6239.39 2867.54 0.248394
6140.13 3073.64 0.25149
6034.07 3276.32 0.254307
5921.3 3475.36 0.256841
5801.96 3670.55 0.259091
5676.19 3861.67 0.261053
5544.11 4048.5 0.262725
5405.88 4230.83 0.264105
5261.64 4408.46 0.265192
5111.56 4581.2 0.265985
4955.8 4748.85 0.266482
4794.54 4911.23 0.266683
4627.95 5068.14 0.266588
4456.22 5219.43 0.266196
4279.53 5364.92 0.265509
4098.09 5504.44 0.264527
3912.1 5637.85 0.263251
3721.75 5764.99 0.261682
3527.27 5885.72 0.259822
3328.87 5999.9 0.257673
3126.77 6107.42 0.255238
2921.18 6208.14 0.252518
2712.35 6301.96 0.249519
2500.51 6388.77 0.246241
2285.88 6468.47 0.24269
2068.7 6540.98 0.238868
1849.23 6606.2 0.234781
1627.7 6664.08 0.230433
1404.36 6714.55 0.225828
1179.45 6757.54 0.220972
953.235 6793.01 0.21587
725.957 6820.92 0.210528
497.871 6841.24 0.204951
269.231 6853.95 0.199146
40.2904 6859.02 0.19312
-188.694 6856.46 0.186879
-417.469 6846.27 0.18043
-645.78 6828.46 0.173779
-873.371 6803.05 0.166936
-1099.99 6770.06 0.159906
-1325.38 6729.54 0.152699
-1549.3 6681.52 0.145321
-1771.5 6626.07 0.137782
-1991.72 6563.24 0.13009
-2209.72 6493.1 0.122252
-2425.27 6415.74 0.114279
-2638.11 6331.23 0.106178
-2848.02 6239.67 0.0979589
-3054.76 6141.17 0.0896309
-3258.09 6035.83 0.0812032
-3457.8 5923.77 0.072685
-3653.66 5805.12 0.0640859
-3845.46 5680.01 0.0554155
-4032.97 5548.57 0.0466834
-4216 5410.96 0.0378994
-4394.33 5267.33 0.0290732
-4567.77 5117.83 0.0202146
-4736.13 4962.64 0.0113336
-4899.22 4801.93 0.00243994
-5056.86 4635.88 -0.00645643
-5208.88 4464.66 -0.0153456
-5355.09 4288.48 -0.0242177
-5495.35 4107.53 -0.0330629
-5629.5 3922.01 -0.0418713
-5757.39 3732.13 -0.0506331
-5878.87 3538.1 -0.0593386
-5993.82 3340.14 -0.0679781
-6102.1 3138.46 -0.076542
-6203.6 2933.29 -0.0850208
-6298.2 2724.86 -0.0934051
-6385.81 2513.4 -0.101686
-6466.31 2299.15 -0.109853
-6539.63 2082.34 -0.117898
-6605.68 1863.22 -0.125813
-6664.39 1642.03 -0.133587
-6715.7 1419.02 -0.141213
-6759.55 1194.42 -0.148683
-6795.89 968.507 -0.155987
-6824.69 741.513 -0.163118
-6845.91 513.697 -0.170068
-6859.53 285.31 -0.176829
-6865.53 56.6066 -0.183394
-6863.91 -172.16 -0.189755
-6854.68 -400.735 -0.195905
-6837.84 -628.866 -0.201839
-6813.41 -856.299 -0.207548
-6781.43 -1082.78 -0.213027
-6741.92 -1308.06 -0.21827
-6694.94 -1531.9 -0.22327
-6640.54 -1754.03 -0.228023
-6578.77 -1974.22 -0.232524
-6509.71 -2192.22 -0.236766
-6433.43 -2407.79 -0.240747
-6350.03 -2620.69 -0.24446
-6259.58 -2830.69 -0.247902
-6162.21 -3037.55 -0.25107
-6058 -3241.05 -0.25396
-5947.09 -3440.95 -0.256568
-5829.59 -3637.05 -0.258892
-5705.64 -3829.12 -0.26093
-5575.37 -4016.95 -0.262679
-5438.93 -4200.33 -0.264137
-5296.46 -4379.06 -0.265302
-5148.14 -4552.95 -0.266174
-4994.12 -4721.8 -0.266752
-4834.57 -4885.43 -0.267034
-4669.67 -5043.65 -0.267021
-4499.61 -5196.29 -0.266712
-4324.58 -5343.18 -0.266108
-4144.76 -5484.17 -0.265211
-3960.35 -5619.09 -0.264019
-3771.57 -5747.79 -0.262536
-3578.62 -5870.15 -0.260763
-3381.71 -5986.01 -0.258702
-3181.06 -6095.26 -0.256354
-2976.9 -6197.77 -0.253723
-2769.45 -6293.43 -0.250812
-2558.94 -6382.13 -0.247624
-2345.6 -6463.79 -0.244162
-2129.67 -6538.3 -0.24043
-1911.38 -6605.59 -0.236432
-1690.99 -6665.59 -0.232174
-1468.72 -6718.22 -0.227659
-1244.84 -6763.43 -0.222892
-1019.58 -6801.17 -0.21788
-793.191 -6831.4 -0.212627
-565.929 -6854.08 -0.207139
-338.042 -6869.2 -0.201422
-109.781 -6876.73 -0.195483
118.6 -6876.67 -0.189328
346.851 -6869.02 -0.182963
574.718 -6853.78 -0.176397
801.952 -6830.97 -0.169637
1028.3 -6800.63 -0.162688
1253.51 -6762.77 -0.155561
1477.34 -6717.45 -0.148261
1699.54 -6664.71 -0.140798
1919.86 -6604.62 -0.133179
2138.06 -6537.23 -0.125414
2353.9 -6462.63 -0.11751
2567.15 -6380.89 -0.109476
2777.55 -6292.11 -0.101321
2984.9 -6196.38 -0.0930549
3188.94 -6093.81 -0.0846857
3389.47 -5984.52 -0.076223
3586.25 -5868.61 -0.0676761
3779.08 -5746.23 -0.0590545
3967.73 -5617.5 -0.0503677
4152 -5482.56 -0.0416253
4331.68 -5341.58 -0.0328369
4506.58 -5194.69 -0.0240123
4676.51 -5042.06 -0.0151611
4841.26 -4883.87 -0.00629321
5000.68 -4720.28 0.00258164
5154.56 -4551.48 0.0114536
5302.76 -4377.65 0.020313
5445.09 -4198.99 0.0291498
5581.41 -4015.68 0.0379545
5711.56 -3827.94 0.0467173
5835.4 -3635.97 0.0554283
5952.78 -3439.97 0.0640782
6063.59 -3240.18 0.0726572
6167.7 -3036.8 0.0811559
6264.99 -2830.07 0.0895648
6355.35 -2620.21 0.0978748
6438.68 -2407.45 0.106076
6514.9 -2192.03 0.114161
6583.91 -1974.18 0.122119
6645.63 -1754.15 0.129942
6700 -1532.18 0.137621
6746.96 -1308.52 0.145148
6786.46 -1083.4 0.152515
6818.44 -857.091 0.159712
6842.88 -629.829 0.166733
6859.74 -401.871 0.173569
6869.01 -173.468 0.180213
6870.67 55.1272 0.186658
6864.73 283.661 0.192896
6851.18 511.881 0.19892
6830.04 739.534 0.204724
6801.33 966.368 0.210301
6765.09 1192.13 0.215645
6721.35 1416.57 0.22075
6670.16 1639.44 0.22561
6611.58 1860.5 0.23022
6545.67 2079.49 0.234575
6472.5 2296.18 0.23867
6392.15 2510.32 0.242501
6304.72 2721.67 0.246062
6210.29 2930.01 0.24935
6108.97 3135.1 0.252362
6000.87 3336.7 0.255094
5886.11 3534.61 0.257542
5764.82 3728.59 0.259705
5637.14 3918.43 0.26158
5503.19 4103.93 0.263164
5363.13 4284.86 0.264456
5217.12 4461.04 0.265454
5065.31 4632.26 0.266157
4907.88 4798.34 0.266565
4745 4959.09 0.266677
4576.84 5114.33 0.266492
4403.6 5263.89 0.266012
4225.46 5407.59 0.265235
4042.63 5545.29 0.264164
3855.31 5676.82 0.2628
3663.7 5802.05 0.261143
3468.01 5920.82 0.259196
3268.48 6033.01 0.25696
3065.3 6138.49 0.254439
2858.72 6237.14 0.251635
2648.96 6328.86 0.248551
2436.25 6413.54 0.245191
2220.83 6491.08 0.241558
2002.94 6561.41 0.237656
1782.82 6624.43 0.23349
1560.72 6680.08 0.229064
1336.89 6728.3 0.224383
1111.56 6769.03 0.219452
884.998 6802.23 0.214277
657.451 6827.86 0.208864
429.172 6845.89 0.203218
200.416 6856.3 0.197346
-28.5639 6859.08 0.191255
-257.512 6854.22 0.18495
-486.173 6841.74 0.17844
-714.293 6821.63 0.171731
-941.618 6793.94 0.164831
-1167.89 6758.68 0.157747
-1392.87 6715.89 0.150488
-1616.3 6665.63 0.143061
-1837.92 6607.95 0.135475
-2057.5 6542.92 0.127738
-2274.79 6470.59 0.119859
-2489.55 6391.07 0.111847
-2701.54 6304.43 0.10371
-2910.51 6210.77 0.0954574
-3116.25 6110.2 0.0870986
-3318.52 6002.82 0.0786429
-3517.1 5888.77 0.0700997
-3711.76 5768.15 0.0614785
-3902.28 5641.12 0.0527888
-4088.47 5507.81 0.0440404
-4270.1 5368.37 0.0352429
-4446.99 5222.95 0.0264063
-4618.92 5071.73 0.0175402
-4785.71 4914.86 0.00865467
-4947.18 4752.51 -0.000240513
-5103.15 4584.89 -0.00913542
-5253.43 4412.16 -0.0180202
-5397.88 4234.52 -0.0268849
-5536.31 4052.17 -0.0357196
-5668.59 3865.32 -0.0445147
-5794.57 3674.16 -0.0532602
-5914.1 3478.92 -0.0619465
-6027.05 3279.81 -0.0705639
-6133.31 3077.06 -0.0791029
-6232.74 2870.88 -0.0875539
-6325.25 2661.51 -0.0959075
-6410.72 2449.18 -0.104155
-6489.07 2234.13 -0.112286
-6560.21 2016.6 -0.120292
-6624.06 1796.83 -0.128165
-6680.55 1575.06 -0.135896
-6729.62 1351.54 -0.143475
-6771.21 1126.52 -0.150895
-6805.28 900.254 -0.158148
-6831.8 672.984 -0.165225
-6850.73 444.966 -0.172118
-6862.05 216.454 -0.17882
-6865.76 -12.2976 -0.185324
-6861.85 -241.036 -0.191622
-6850.32 -469.507 -0.197708
-6831.19 -697.456 -0.203574
-6804.49 -924.632 -0.209214
-6770.23 -1150.78 -0.214622
-6728.47 -1375.66 -0.219792
-6679.24 -1599.01 -0.224719
-6622.61 -1820.58 -0.229396
-6558.64 -2040.14 -0.233819
-6487.39 -2257.43 -0.237983
-6408.96 -2472.23 -0.241882
-6323.42 -2684.28 -0.245514
-6230.88 -2893.36 -0.248874
-6131.43 -3099.23 -0.251958
-6025.19 -3301.67 -0.254763
-5912.28 -3500.46 -0.257286
-5792.82 -3695.37 -0.259524
-5666.94 -3886.18 -0.261474
-5534.79 -4072.69 -0.263135
-5396.52 -4254.7 -0.264505
-5252.27 -4431.99 -0.265582
-5102.21 -4604.38 -0.266365
-4946.5 -4771.68 -0.266853
-4785.32 -4933.69 -0.267046
-4618.84 -5090.25 -0.266944
-4447.26 -5241.18 -0.266546
-4270.76 -5386.31 -0.265853
-4089.53 -5525.48 -0.264867
-3903.78 -5658.54 -0.263587
-3713.72 -5785.35 -0.262016
-3519.55 -5905.76 -0.260156
-3321.49 -6019.64 -0.258008
-3119.76 -6126.87 -0.255574
-2914.58 -6227.33 -0.252858
-2706.17 -6320.9 -0.249863
-2494.78 -6407.49 -0.246592
-2280.64 -6487 -0.243048
-2063.97 -6559.35 -0.239236
-1845.02 -6624.44 -0.235159
-1624.03 -6682.22 -0.230823
-1401.25 -6732.62 -0.226231
-1176.93 -6775.58 -0.22139
-951.299 -6811.06 -0.216304
-724.621 -6839.02 -0.21098
-497.143 -6859.42 -0.205422
-269.116 -6872.25 -0.199638
-40.7913 -6877.49 -0.193633
187.578 -6875.14 -0.187414
415.74 -6865.19 -0.180988
643.444 -6847.67 -0.174363
870.436 -6822.59 -0.167545
1096.47 -6789.97 -0.160542
1321.29 -6749.86 -0.153362
1544.65 -6702.29 -0.146012
1766.31 -6647.33 -0.138502
1986.02 -6585.03 -0.130838
2203.53 -6515.46 -0.12303
2418.61 -6438.69 -0.115086
2631.03 -6354.82 -0.107015
2840.53 -6263.93 -0.0988264
3046.91 -6166.13 -0.0905283
3249.91 -6061.52 -0.0821302
3449.33 -5950.21 -0.0736415
3644.94 -5832.34 -0.0650714
3836.53 -5708.02 -0.0564295
4023.88 -5577.41 -0.0477253
4206.79 -5440.63 -0.0389684
4385.05 -5297.85 -0.0301685
4558.46 -5149.21 -0.0213353
4726.85 -4994.89 -0.0124785
4890.01 -4835.05 -0.0036079
5047.77 -4669.88 0.00526665
5199.96 -4499.54 0.0141354
5346.4 -4324.23 0.0229885
5486.93 -4144.15 0.0318162
5621.41 -3959.48 0.0406087
5749.67 -3770.44 0.0493564
5871.57 -3577.24 0.0580495
5986.99 -3380.08 0.0666785
6095.79 -3179.18 0.0752338
6197.85 -2974.77 0.0837058
6293.06 -2767.07 0.0920854
6381.31 -2556.31 0.100363
6462.5 -2342.73 0.10853
6536.55 -2126.55 0.116577
6603.37 -1908.02 0.124494
6662.89 -1687.38 0.132274
6715.03 -1464.88 0.139908
6759.74 -1240.75 0.147387
6796.98 -1015.26 0.154703
6826.69 -788.633 0.161847
6848.84 -561.138 0.168813
6863.42 -333.021 0.175592
6870.39 -104.536 0.182176
6869.76 124.065 0.188558
6861.52 352.528 0.194732
6845.68 580.601 0.20069
6822.26 808.031 0.206425
6791.28 1034.57 0.211932
6752.77 1259.95 0.217205
6706.79 1483.95 0.222236
6653.36 1706.29 0.227021
6592.57 1926.75 0.231554
6524.46 2145.07 0.235831
6449.12 2361.01 0.239846
6366.63 2574.33 0.243596
6277.08 2784.8 0.247075
6180.56 2992.18 0.25028
6077.19 3196.24 0.253207
5967.07 3396.75 0.255854
5850.34 3593.5 0.258216
5727.11 3786.25 0.260292
5597.52 3974.8 0.262079
5461.72 4158.94 0.263575
5319.85 4338.47 0.264778
5172.08 4513.17 0.265688
5018.56 4682.86 0.266302
4859.47 4847.35 0.26662
4694.98 5006.46 0.266643
4525.27 5160 0.266369
4350.54 5307.81 0.265799
4170.97 5449.72 0.264933
3986.77 5585.58 0.263774
3798.13 5715.23 0.262321
3605.27 5838.52 0.260576
3408.41 5955.32 0.258542
3207.75 6065.5 0.25622
3003.53 6168.94 0.253614
2795.97 6265.52 0.250725
2585.29 6355.12 0.247557
2371.75 6437.66 0.244115
2155.56 6513.04 0.2404
1936.98 6581.17 0.236418
1716.24 6641.98 0.232173
1493.59 6695.4 0.22767
1269.28 6741.37 0.222914
1043.56 6779.84 0.217909
816.672 6810.77 0.212662
588.879 6834.11 0.207178
360.43 6849.85 0.201464
131.581 6857.96 0.195525
-97.4153 6858.44 0.189369
-326.303 6851.29 0.183002
-554.827 6836.51 0.176432
-782.734 6814.12 0.169665
-1009.77 6784.14 0.162709
-1235.68 6746.61 0.155571
-1460.22 6701.57 0.148261
-1683.13 6649.07 0.140786
-1904.16 6589.17 0.133154
-2123.08 6521.93 0.125373
-2339.63 6447.43 0.117454
-2553.58 6365.76 0.109403
-2764.69 6276.99 0.101231
-2972.71 6181.24 0.0929455
-3177.43 6078.61 0.0845569
-3378.61 5969.21 0.0760742
-3576.03 5853.17 0.0675068
-3769.47 5730.61 0.0588643
-3958.72 5601.67 0.0501562
-4143.55 5466.5 0.0413924
-4323.78 5325.24 0.0325825
-4499.19 5178.06 0.0237363
-4669.6 5025.11 0.0148637
-4834.81 4866.57 0.00597458
-4994.64 4702.62 -0.00292119
-5148.92 4533.43 -0.0118137
-5297.46 4359.21 -0.0206931
-5440.11 4180.13 -0.0295494
-5576.71 3996.4 -0.0383729
-5707.11 3808.23 -0.0471536
-5831.16 3615.82 -0.055882
-5948.73 3419.39 -0.0645482
-6059.68 3219.15 -0.0731425
-6163.89 3015.34 -0.0816556
-6261.25 2808.18 -0.0900779
-6351.65 2597.89 -0.0984
-6434.99 2384.72 -0.106613
-6511.18 2168.9 -0.114707
-6580.13 1950.66 -0.122674
-6641.77 1730.26 -0.130504
-6696.03 1507.94 -0.13819
-6742.85 1283.94 -0.145722
-6782.19 1058.51 -0.153092
-6813.99 831.91 -0.160292
-6838.22 604.386 -0.167314
-6854.86 376.19 -0.17415
-6863.89 147.576 -0.180793
-6865.3 -81.2007 -0.187235
-6859.1 -309.888 -0.19347
-6845.28 -538.231 -0.19949
-6823.86 -765.977 -0.205288
-6794.88 -992.873 -0.210859
-6758.35 -1218.67 -0.216195
-6714.34 -1443.11 -0.221292
-6662.87 -1665.95 -0.226144
-6604.02 -1886.95 -0.230744
-6537.84 -2105.85 -0.235089
-6464.42 -2322.42 -0.239174
-6383.84 -2536.42 -0.242993
-6296.18 -2747.6 -0.246543
-6201.54 -2955.74 -0.24982
-6100.03 -3160.61 -0.25282
-5991.77 -3361.97 -0.25554
-5876.86 -3559.61 -0.257976
-5755.45 -3753.31 -0.260128
-5627.67 -3942.85 -0.261991
-5493.66 -4128.03 -0.263564
-5353.56 -4308.64 -0.264845
-5207.54 -4484.48 -0.265833
-5055.76 -4655.35 -0.266527
-4898.38 -4821.08 -0.266926
-4735.58 -4981.46 -0.26703
-4567.55 -5136.34 -0.266838
-4394.46 -5285.54 -0.266351
-4216.51 -5428.89 -0.26557
-4033.89 -5566.24 -0.264495
-3846.82 -5697.43 -0.263127
-3655.49 -5822.32 -0.261469
-3460.13 -5940.78 -0.259521
-3260.93 -6052.67 -0.257286
-3058.13 -6157.87 -0.254767
-2851.96 -6256.26 -0.251967
-2642.63 -6347.74 -0.248888
-2430.38 -6432.2 -0.245534
-2215.44 -6509.56 -0.241909
-1998.06 -6579.73 -0.238016
-1778.47 -6642.62 -0.233861
-1556.92 -6698.18 -0.229447
-1333.64 -6746.34 -0.22478
-1108.9 -6787.05 -0.219864
-882.925 -6820.26 -0.214706
-655.978 -6845.95 -0.20931
-428.307 -6864.07 -0.203684
-200.162 -6874.61 -0.197832
28.203 -6877.56 -0.191762
256.537 -6872.91 -0.18548
484.588 -6860.68 -0.178994
712.104 -6840.87 -0.17231
938.834 -6813.51 -0.165435
1164.53 -6778.63 -0.158378
1388.93 -6736.27 -0.151147
1611.81 -6686.46 -0.143748
1832.9 -6629.28 -0.13619
2051.97 -6564.77 -0.128483
2268.78 -6493.02 -0.120633
2483.08 -6414.11 -0.11265
2694.64 -6328.11 -0.104543
2903.23 -6235.12 -0.0963207
3108.61 -6135.25 -0.0879918
3310.55 -6028.61 -0.0795658
3508.85 -5915.31 -0.0710519
3703.27 -5795.48 -0.0624596
3893.59 -5669.25 -0.0537983
4079.62 -5536.76 -0.0450777
4261.15 -5398.15 -0.0363072
4437.97 -5253.59 -0.0274967
4609.89 -5103.22 -0.0186558
4776.71 -4947.22 -0.0097943
4938.27 -4785.75 -0.000921989
5094.36 -4619 0.00795133
5244.83 -4447.14 0.0168159
5389.51 -4270.37 0.0256618
5528.23 -4088.89 0.0344794
5660.84 -3902.88 0.0432589
5787.2 -3712.57 0.0519906
5907.16 -3518.15 0.0606648
6020.59 -3319.84 0.069272
6127.37 -3117.86 0.0778026
6227.37 -2912.43 0.0862472
6320.49 -2703.79 0.0945964
6406.63 -2492.16 0.102841
6485.67 -2277.77 0.110972
6557.55 -2060.86 0.11898
6622.17 -1841.67 0.126857
6679.47 -1620.45 0.134593
6729.38 -1397.43 0.14218
6771.84 -1172.87 0.14961
6806.81 -947.005 0.156875
6834.25 -720.096 0.163966
6854.12 -492.39 0.170875
6866.4 -264.138 0.177595
6871.08 -35.5941 0.184119
6868.16 192.989 0.190439
6857.63 421.359 0.196547
6839.5 649.262 0.202439
6813.8 876.445 0.208105
6780.55 1102.66 0.213542
6739.78 1327.65 0.218741
6691.55 1551.17 0.223699
6635.9 1772.97 0.228408
6572.89 1992.8 0.232864
6502.6 2210.43 0.237062
6425.09 2425.6 0.240997
6340.46 2638.09 0.244665
6248.8 2847.65 0.248062
6150.21 3054.05 0.251183
6044.8 3257.06 0.254026
5932.67 3456.46 0.256586
5813.97 3652.02 0.258863
5688.81 3843.53 0.260851
5557.34 4030.77 0.26255
5419.69 4213.54 0.263958
5276.03 4391.63 0.265073
5126.51 4564.84 0.265893
4971.3 4732.99 0.266418
4810.57 4895.87 0.266647
4644.49 5053.32 0.26658
4473.25 5205.15 0.266217
4297.04 5351.2 0.265558
4116.06 5491.31 0.264603
3930.5 5625.31 0.263355
3740.57 5753.05 0.261814
3546.48 5874.41 0.259982
3348.46 5989.23 0.257861
3146.7 6097.39 0.255453
2941.45 6198.77 0.252761
2732.93 6293.26 0.249788
2521.37 6380.75 0.246537
2307.01 6461.14 0.243012
2090.07 6534.34 0.239217
1870.82 6600.28 0.235156
1649.48 6658.87 0.230833
1426.3 6710.05 0.226253
1201.54 6753.77 0.221421
975.447 6789.97 0.216343
748.263 6818.62 0.211024
520.247 6839.67 0.205471
291.652 6853.12 0.199688
62.7326 6858.93 0.193684
-166.257 6857.12 0.187463
-395.061 6847.67 0.181035
-623.426 6830.59 0.174404
-851.097 6805.92 0.16758
-1077.82 6773.66 0.160569
-1303.34 6733.87 0.153379
-1527.42 6686.58 0.146018
-1749.79 6631.84 0.138495
-1970.21 6569.72 0.130818
-2188.44 6500.29 0.122995
-2404.24 6423.62 0.115035
-2617.35 6339.8 0.106947
-2827.56 6248.92 0.0987404
-3034.61 6151.09 0.0904235
-3238.29 6046.41 0.082006
-3438.36 5935 0.0734971
-3634.61 5816.98 0.0649065
-3826.81 5692.48 0.0562436
-4014.75 5561.65 0.0475182
-4198.22 5424.63 0.0387398
-4377.02 5281.57 0.0299183
-4550.95 5132.64 0.0210636
-4719.81 4977.99 0.0121854
-4883.42 4817.8 0.00329363
-5041.6 4652.25 -0.00560178
-5194.17 4481.53 -0.014491
-5340.96 4305.82 -0.023364
-5481.8 4125.32 -0.032211
-5616.55 3940.23 -0.0410223
-5745.06 3750.75 -0.0497878
-5867.17 3557.11 -0.058498
-5982.76 3359.51 -0.0671432
-6091.69 3158.17 -0.0757137
-6193.85 2953.33 -0.0841999
-6289.13 2745.2 -0.0925926
-6377.41 2534.01 -0.100882
-6458.61 2320.01 -0.10906
-6532.63 2103.44 -0.117116
-6599.38 1884.52 -0.125043
-6658.81 1663.51 -0.13283
-6710.84 1440.66 -0.140469
-6755.41 1216.2 -0.147953
-6792.48 990.391 -0.155272
-6822 763.483 -0.162419
-6843.95 535.727 -0.169386
-6858.3 307.376 -0.176164
-6865.04 78.6836 -0.182747
-6864.16 -150.096 -0.189127
-6855.65 -378.709 -0.195297
-6839.54 -606.901 -0.20125
-6815.84 -834.421 -0.20698
-6784.58 -1061.01 -0.212481
-6745.8 -1286.43 -0.217745
-6699.53 -1510.42 -0.222769
-6645.83 -1732.74 -0.227545
-6584.76 -1953.13 -0.232069
-6516.4 -2171.36 -0.236335
-6440.8 -2387.18 -0.24034
-6358.07 -2600.35 -0.244078
-6268.3 -2810.65 -0.247545
-6171.58 -3017.83 -0.250739
-6068.02 -3221.66 -0.253654
-5957.74 -3421.93 -0.256289
-5840.86 -3618.41 -0.25864
-5717.51 -3810.88 -0.260704
-5587.84 -3999.13 -0.26248
-5451.97 -4182.95 -0.263965
-5310.07 -4362.14 -0.265157
-5162.29 -4536.51 -0.266057
-5008.8 -4705.85 -0.266662
-4849.77 -4869.99 -0.266971
-4685.37 -5028.73 -0.266986
-4515.79 -5181.92 -0.266705
-4341.21 -5329.37 -0.266129
-4161.83 -5470.93 -0.265259
-3977.85 -5606.44 -0.264095
-3789.47 -5735.75 -0.262639
-3596.9 -5858.71 -0.260893
-3400.35 -5975.2 -0.258859
-3200.05 -6085.09 -0.256538
-2996.21 -6188.25 -0.253934
-2789.05 -6284.56 -0.251049
-2578.82 -6373.94 -0.247886
-2365.73 -6456.27 -0.24445
-2150.03 -6531.47 -0.240744
-1931.96 -6599.45 -0.236771
-1711.75 -6660.14 -0.232538
-1489.65 -6713.47 -0.228047
-1265.9 -6759.39 -0.223304
-1040.76 -6797.84 -0.218315
-814.462 -6828.78 -0.213084
-587.269 -6852.19 -0.207619
-359.427 -6868.02 -0.201924
-131.189 -6876.27 -0.196006
97.1945 -6876.93 -0.189871
325.47 -6870 -0.183527
553.387 -6855.48 -0.17698
780.693 -6833.39 -0.170238
1007.14 -6803.75 -0.163308
1232.47 -6766.61 -0.156198
1456.44 -6721.99 -0.148915
1678.8 -6669.96 -0.141468
1899.31 -6610.56 -0.133865
2117.73 -6543.86 -0.126114
2333.8 -6469.94 -0.118223
2547.3 -6388.87 -0.110202
2757.99 -6300.76 -0.10206
2965.63 -6205.68 -0.0938046
3169.99 -6103.76 -0.0854459
3370.86 -5995.09 -0.0769928
3568.01 -5879.81 -0.0684547
3761.21 -5758.03 -0.059841
3950.27 -5629.9 -0.0511613
4134.96 -5495.55 -0.042425
4315.09 -5355.13 -0.033642
4490.45 -5208.8 -0.0248218
4660.85 -5056.72 -0.0159741
4826.1 -4899.05 -0.00710887
4986.02 -4735.97 0.00176423
5140.44 -4567.66 0.0106354
5289.18 -4394.3 0.0194948
5432.07 -4216.09 0.0283326
5568.96 -4033.22 0.0371392
5699.7 -3845.89 0.0459047
5824.14 -3654.32 0.0546195
5942.15 -3458.7 0.0632739
6053.59 -3259.26 0.0718583
6158.33 -3056.23 0.0803634
6256.27 -2849.81 0.0887796
6347.29 -2640.24 0.0970976
6431.3 -2427.75 0.105308
6508.19 -2212.58 0.113403
6577.89 -1994.96 0.121371
6640.31 -1775.14 0.129206
6695.38 -1553.35 0.136898
6743.05 -1329.84 0.144438
6783.26 -1104.86 0.151818
6815.96 -878.66 0.15903
6841.12 -651.487 0.166067
6858.7 -423.592 0.172919
6868.7 -195.228 0.17958
6871.08 33.3514 0.186043
6865.87 261.894 0.192299
6853.04 490.147 0.198342
6832.63 717.857 0.204166
6804.65 944.772 0.209763
6769.13 1170.64 0.215129
6726.11 1395.21 0.220255
6675.63 1618.24 0.225138
6617.76 1839.47 0.229771
6552.55 2058.66 0.234149
6480.08 2275.57 0.238268
6400.42 2489.96 0.242123
6313.66 2701.58 0.245709
6219.9 2910.21 0.249022
6119.24 3115.61 0.25206
6011.8 3317.55 0.254817
5897.68 3515.82 0.257292
5777.01 3710.18 0.259482
5649.94 3900.42 0.261383
5516.59 4086.34 0.262994
5377.12 4267.72 0.264314
5231.68 4444.35 0.265339
5080.43 4616.06 0.266071
4923.54 4782.64 0.266506
4761.18 4943.9 0.266646
4593.53 5099.67 0.266489
4420.77 5249.78 0.266037
4243.11 5394.06 0.265288
4060.73 5532.34 0.264245
3873.83 5664.47 0.262909
3682.63 5790.3 0.26128
3487.34 5909.7 0.25936
3288.17 6022.53 0.257152
3085.34 6128.66 0.254659
2879.08 6227.98 0.251882
2669.62 6320.37 0.248825
2457.19 6405.73 0.245491
2242.03 6483.96 0.241884
2024.38 6554.99 0.238009
1804.47 6618.72 0.233868
1582.55 6675.09 0.229467
1358.88 6724.03 0.224811
1133.69 6765.49 0.219905
907.239 6799.42 0.214754
679.779 6825.78 0.209364
451.563 6844.55 0.203741
222.845 6855.7 0.197891
-6.12182 6859.22 0.191821
-235.082 6855.1 0.185538
-463.78 6843.35 0.179048
-691.962 6823.99 0.172358
-919.373 6797.03 0.165477
-1145.76 6762.5 0.158412
-1370.87 6720.44 0.15117
-1594.46 6670.91 0.14376
-1816.27 6613.94 0.13619
-2036.06 6549.61 0.128468
-2253.58 6478 0.120603
-2468.6 6399.17 0.112604
-2680.86 6313.21 0.10448
-2890.14 6220.23 0.0962395
-3096.21 6120.32 0.0878918
-3298.82 6013.6 0.0794462
-3497.77 5900.18 0.0709121
-3692.82 5780.2 0.0622992
-3883.76 5653.78 0.0536168
-4070.38 5521.07 0.0448749
-4252.47 5382.22 0.0360829
-4429.82 5237.37 0.0272508
-4602.24 5086.7 0.0183884
-4769.55 4930.36 0.00950557
-4931.54 4768.54 0.000612133
-5088.05 4601.41 -0.00828198
-5238.9 4429.17 -0.0171669
-5383.91 4251.99 -0.0260327
-5522.94 4070.09 -0.0348695
-5655.83 3883.65 -0.0436675
-5782.42 3692.9 -0.052417
-5902.58 3498.04 -0.0611081
-6016.18 3299.29 -0.0697313
-6123.09 3096.87 -0.0782769
-6223.19 2891.01 -0.0867355
-6316.37 2681.94 -0.0950977
-6402.53 2469.88 -0.103354
-6481.58 2255.08 -0.111496
-6553.42 2037.77 -0.119513
-6617.98 1818.19 -0.127398
-6675.18 1596.6 -0.135141
-6724.97 1373.23 -0.142734
-6767.29 1148.34 -0.150169
-6802.09 922.171 -0.157437
-6829.33 694.978 -0.16453
-6849 467.013 -0.17144
-6861.05 238.53 -0.17816
-6865.49 9.7826 -0.184682
-6862.32 -218.976 -0.190999
-6851.52 -447.492 -0.197104
-6833.12 -675.511 -0.20299
-6807.14 -902.78 -0.208651
-6773.61 -1129.05 -0.214081
-6732.56 -1354.06 -0.219273
-6684.04 -1577.58 -0.224222
-6628.12 -1799.34 -0.228922
-6564.84 -2019.11 -0.233368
-6494.29 -2236.64 -0.237556
-6416.54 -2451.69 -0.24148
-6331.67 -2664.03 -0.245137
-6239.79 -2873.41 -0.248522
-6141 -3079.61 -0.251631
-6035.4 -3282.39 -0.254462
-5923.11 -3481.54 -0.257011
-5804.27 -3676.84 -0.259276
-5679 -3868.06 -0.261253
-5547.44 -4055 -0.262941
-5409.74 -4237.45 -0.264338
-5266.04 -4415.21 -0.265442
-5116.53 -4588.08 -0.266252
-4961.34 -4755.88 -0.266768
-4800.67 -4918.41 -0.266988
-4634.69 -5075.5 -0.266913
-4463.58 -5226.97 -0.266543
-4287.53 -5372.67 -0.265878
-4106.74 -5512.42 -0.264919
-3921.41 -5646.07 -0.263667
-3731.74 -5773.48 -0.262123
-3537.95 -5894.51 -0.26029
-3340.24 -6009.02 -0.258169
-3138.84 -6116.89 -0.255762
-2933.98 -6218 -0.253073
-2725.87 -6312.24 -0.250104
-2514.74 -6399.5 -0.246858
-2300.84 -6479.68 -0.24334
-2084.4 -6552.71 -0.239553
-1865.65 -6618.5 -0.235502
-1644.85 -6676.98 -0.23119
-1422.22 -6728.08 -0.226622
-1198.03 -6771.75 -0.221805
-972.509 -6807.94 -0.216742
-745.917 -6836.61 -0.21144
-518.5 -6857.74 -0.205905
-290.512 -6871.29 -0.200142
-62.202 -6877.25 -0.194158
166.176 -6875.61 -0.18796
394.371 -6866.39 -0.181554
622.13 -6849.58 -0.174948
849.203 -6825.21 -0.168149
1075.34 -6793.31 -0.161164
1300.29 -6753.91 -0.154001
1523.8 -6707.05 -0.146668
1745.63 -6652.78 -0.139173
1965.53 -6591.17 -0.131525
2183.26 -6522.29 -0.123731
2398.59 -6446.2 -0.115801
2611.26 -6363 -0.107742
2821.05 -6272.77 -0.0995654
3027.73 -6175.62 -0.0912784
3231.06 -6071.65 -0.0828907
3430.83 -5960.97 -0.0744114
3626.81 -5843.72 -0.06585
3818.79 -5720.01 -0.0572159
4006.54 -5589.99 -0.0485186
4189.88 -5453.79 -0.0397677
4368.59 -5311.57 -0.030973
4542.47 -5163.49 -0.022144
4711.34 -5009.7 -0.0132906
4875 -4850.38 -0.00442252
5033.28 -4685.7 0.00445045
5186 -4515.85 0.0133185
5332.99 -4341.01 0.0221718
5474.09 -4161.38 0.0310006
5609.14 -3977.14 0.0397952
5737.99 -3788.51 0.0485458
5860.51 -3595.7 0.0572427
5976.54 -3398.91 0.0658764
6085.97 -3198.36 0.0744372
6188.68 -2994.28 0.0829158
6284.54 -2786.89 0.0913027
6373.46 -2576.42 0.0995887
6455.32 -2363.1 0.107765
6530.05 -2147.17 0.115821
6597.56 -1928.86 0.12375
6657.77 -1708.42 0.131542
6710.62 -1486.09 0.139188
6756.04 -1262.12 0.14668
6793.99 -1036.75 0.15401
6824.42 -810.227 0.161169
6847.3 -582.812 0.16815
6862.6 -354.752 0.174945
6870.3 -126.299 0.181547
6870.39 102.293 0.187947
6862.88 330.773 0.194139
6847.77 558.886 0.200116
6825.07 786.38 0.205872
6794.81 1013 0.211399
6757.03 1238.5 0.216693
6711.76 1462.63 0.221746
6659.05 1685.14 0.226553
6598.96 1905.78 0.23111
6531.55 2124.31 0.23541
6456.9 2340.48 0.239449
6375.1 2554.05 0.243222
6286.22 2764.8 0.246726
6190.37 2972.48 0.249957
6087.66 3176.86 0.25291
5978.19 3377.71 0.255582
5862.09 3574.82 0.257971
5739.48 3767.96 0.260073
5610.5 3956.92 0.261887
5475.3 4141.49 0.26341
5334.01 4321.46 0.264641
5186.81 4496.63 0.265578
5033.84 4666.81 0.26622
4875.28 4831.8 0.266566
4711.31 4991.43 0.266616
4542.11 5145.51 0.26637
4367.85 5293.88 0.265828
4188.75 5436.36 0.264991
4004.99 5572.81 0.263859
3816.78 5703.05 0.262434
3624.32 5826.96 0.260717
3427.84 5944.4 0.258711
3227.55 6055.22 0.256417
3023.67 6159.31 0.253837
2816.42 6256.55 0.250976
2606.04 6346.84 0.247835
2392.77 6430.06 0.244419
2176.83 6506.14 0.240731
1958.48 6574.97 0.236775
1737.94 6636.49 0.232555
1515.47 6690.63 0.228077
1291.31 6737.32 0.223345
1065.72 6776.52 0.218365
838.94 6808.18 0.213142
611.227 6832.26 0.207681
382.834 6848.73 0.201989
154.015 6857.58 0.196073
-74.9755 6858.8 0.189938
-303.883 6852.39 0.183592
-532.451 6838.35 0.177041
-760.428 6816.7 0.170294
-987.557 6787.45 0.163357
-1213.59 6750.66 0.156238
-1438.27 6706.34 0.148945
-1661.34 6654.56 0.141486
-1882.57 6595.38 0.13387
-2101.71 6528.85 0.126105
-2318.5 6455.05 0.118199
-2532.71 6374.06 0.110162
-2744.1 6285.98 0.102002
-2952.44 6190.9 0.0937283
-3157.49 6088.93 0.0853506
-3359.03 5980.18 0.0768778
-3556.82 5864.78 0.0683194
-3750.66 5742.84 0.059685
-3940.32 5614.52 0.0509842
-4125.6 5479.94 0.0422266
-4306.28 5339.26 0.033422
-4482.17 5192.65 0.0245803
-4653.08 5040.25 0.0157112
-4818.8 4882.24 0.00682457
-4979.16 4718.8 -0.00206961
-5133.99 4550.11 -0.0109615
-5283.1 4376.36 -0.0198411
-5426.33 4197.74 -0.0286987
-5563.52 4014.45 -0.0375244
-5694.53 3826.69 -0.0463083
-5819.2 3634.68 -0.0550407
-5937.4 3438.62 -0.0637119
-6049 3238.74 -0.0723122
-6153.87 3035.26 -0.0808321
-6251.9 2828.41 -0.0892621
-6342.98 2618.41 -0.0975928
-6427.01 2405.5 -0.105815
-6503.89 2189.91 -0.11392
-6573.55 1971.89 -0.121898
-6635.9 1751.68 -0.12974
-6690.88 1529.53 -0.137439
-6738.42 1305.67 -0.144984
-6778.48 1080.36 -0.152369
-6811.01 853.857 -0.159585
-6835.97 626.403 -0.166623
-6853.35 398.253 -0.173476
-6863.11 169.661 -0.180136
-6865.26 -59.1196 -0.186597
-6859.78 -287.834 -0.19285
-6846.69 -516.23 -0.19889
-6826.01 -744.053 -0.204708
-6797.75 -971.05 -0.2103
-6761.95 -1196.97 -0.215658
-6718.64 -1421.56 -0.220777
-6667.89 -1644.58 -0.225651
-6609.74 -1865.77 -0.230275
-6544.26 -2084.89 -0.234643
-6471.53 -2301.7 -0.238751
-6391.62 -2515.96 -0.242595
-6304.63 -2727.43 -0.24617
-6210.65 -2935.88 -0.249472
-6109.8 -3141.08 -0.252498
-6002.17 -3342.79 -0.255243
-5887.89 -3540.81 -0.257706
-5767.09 -3734.9 -0.259884
-5639.91 -3924.86 -0.261774
-5506.48 -4110.46 -0.263374
-5366.95 -4291.52 -0.264682
-5221.49 -4467.83 -0.265698
-5070.24 -4639.19 -0.266419
-4913.38 -4805.42 -0.266846
-4751.09 -4966.33 -0.266977
-4583.54 -5121.75 -0.266813
-4410.92 -5271.5 -0.266353
-4233.42 -5415.42 -0.265599
-4051.23 -5553.35 -0.264551
-3864.57 -5685.14 -0.263211
-3673.63 -5810.64 -0.26158
-3478.64 -5929.72 -0.259659
-3279.79 -6042.24 -0.257451
-3077.32 -6148.08 -0.254959
-2871.45 -6247.13 -0.252185
-2662.41 -6339.27 -0.249132
-2450.42 -6424.41 -0.245804
-2235.72 -6502.45 -0.242205
-2018.56 -6573.3 -0.238337
-1799.16 -6636.89 -0.234207
-1577.78 -6693.15 -0.229817
-1354.66 -6742.02 -0.225174
-1130.03 -6783.44 -0.220282
-904.165 -6817.36 -0.215147
-677.296 -6843.76 -0.209774
-449.68 -6862.6 -0.204169
-221.567 -6873.86 -0.198339
6.79108 -6877.53 -0.19229
235.141 -6873.6 -0.186029
463.232 -6862.09 -0.179562
690.811 -6843 -0.172897
917.628 -6816.35 -0.166041
1143.43 -6782.18 -0.159002
1367.97 -6740.52 -0.151787
1591 -6691.42 -0.144405
1812.28 -6634.94 -0.136863
2031.55 -6571.12 -0.12917
2248.58 -6500.06 -0.121335
2463.13 -6421.81 -0.113366
2674.96 -6336.48 -0.105271
2883.83 -6244.15 -0.0970603
3089.53 -6144.93 -0.0887424
3291.81 -6038.93 -0.0803265
3490.46 -5926.25 -0.071822
3685.25 -5807.04 -0.0632382
3875.97 -5681.41 -0.0545845
4062.42 -5549.51 -0.0458706
4244.38 -5411.48 -0.037106
4421.65 -5267.48 -0.0283005
4594.04 -5117.66 -0.0194638
4761.35 -4962.18 -0.0106055
4923.41 -4801.23 -0.00173553
5080.03 -4634.97 0.00713635
5231.04 -4463.6 0.0160003
5376.26 -4287.29 0.0248466
5515.55 -4106.25 0.0336655
5648.75 -3920.67 0.0424471
5775.7 -3730.75 0.0511819
5896.28 -3536.72 0.0598601
6010.33 -3338.78 0.0684721
6117.75 -3137.14 0.0770084
6218.4 -2932.04 0.0854596
6312.18 -2723.7 0.0938164
6398.97 -2512.35 0.102069
6478.7 -2298.22 0.11021
6551.26 -2081.54 0.118228
6616.57 -1862.57 0.126115
6674.57 -1641.54 0.133863
6725.18 -1418.69 0.141463
6768.36 -1194.27 0.148907
6804.04 -968.525 0.156185
6832.2 -741.713 0.163291
6852.79 -514.079 0.170216
6865.8 -285.877 0.176953
6871.21 -57.3577 0.183494
6869.01 171.225 0.189831
6859.2 399.618 0.195959
6841.8 627.568 0.201869
6816.83 854.823 0.207556
6784.3 1081.13 0.213013
6744.25 1306.24 0.218234
6696.73 1529.9 0.223213
6641.79 1751.87 0.227945
