0.0152778 6 2513.78
0.015625 6 2317.57
0.0159722 6 2122.01
0.0163194 6 1927.53
0.0166667 6 1734.73
0.0170139 6 1544.44
0.0173611 6 1357.96
0.0177083 6 1177.33
0.0180556 6 1005.93
0.0184028 6 849.581
0.01875 6 718.395
0.0190972 6 628.502
0.0194444 6 598.906
0.0197917 6 638.091
0.0201389 6 735.116
0.0204861 6 870.792
0.0208333 6 1029.86
0.0211806 6 1202.96
0.0215278 6 1384.71
0.021875 6 1571.97
0.0222222 6 1762.83
0.0225694 6 1956.1
0.0229167 6 2150.95
0.0232639 6 2346.83
0.0486111 1 2493.63
0.0489583 1 2418.13
0.0493056 1 2357.09
0.0496528 1 2311.71
0.05 1 2282.98
0.0503472 0 2460.46
0.0503472 1 2271.54
0.0503472 3 2476.32
0.0506944 0 2262.28
0.0506944 1 2277.66
0.0506944 3 2278.41
0.0506944 7 2399.64
0.0510417 0 2064.45
0.0510417 1 2301.21
0.0510417 3 2080.87
0.0510417 7 2201.94
0.0513889 0 1867.31
0.0513889 1 2341.62
0.0513889 3 1884.04
0.0513889 7 2004.76
0.0517361 0 1671.34
0.0517361 1 2398.01
0.0517361 3 1688.36
0.0517361 7 1808.5
0.0520833 0 1477.2
0.0520833 1 2469.22
0.0520833 3 1494.54
0.0520833 7 1613.72
0.0524306 0 1285.97
0.0524306 1 2553.95
0.0524306 3 1303.6
0.0524306 7 1421.23
0.0527778 0 1099.39
0.0527778 3 1117.26
0.0527778 7 1232.36
0.053125 0 920.507
0.053125 3 938.497
0.053125 7 1049.26
0.0534722 0 755.047
0.0534722 3 772.798
0.0534722 7 875.806
0.0538194 0 614.166
0.0538194 3 630.759
0.0538194 5 2558.16
0.0538194 7 719.211
0.0541667 0 518.477
0.0541667 3 531.862
0.0541667 5 2362.26
0.0541667 7 593.185
0.0545139 0 495.02
0.0545139 3 502.372
0.0545139 5 2166.98
0.0545139 7 520.574
0.0548611 0 553.074
0.0548611 3 553.511
0.0548611 5 1972.72
0.0548611 7 524.133
0.0552083 0 671.777
0.0552083 3 666.938
0.0552083 5 1780.03
0.0552083 7 602.502
0.0555556 0 825.274
0.0555556 3 817.023
0.0555556 5 1589.69
0.0555556 7 731.97
0.0559028 0 997.513
0.0559028 3 987.072
0.0559028 5 1402.89
0.0559028 7 890.423
0.05625 0 1180.19
0.05625 3 1168.27
0.05625 5 1221.45
0.05625 7 1064.88
0.0565972 0 1368.98
0.0565972 3 1356.01
0.0565972 5 1048.39
0.0565972 7 1248.51
0.0569444 0 1561.52
0.0569444 3 1547.76
0.0569444 5 888.825
0.0569444 7 1437.67
0.0572917 0 1756.42
0.0572917 3 1742.05
0.0572917 5 751.582
0.0572917 7 1630.27
0.0576389 0 1952.82
0.0576389 3 1937.95
0.0576389 5 651.104
0.0576389 7 1825.06
0.0579861 0 2150.13
0.0579861 3 2134.85
0.0579861 5 606.068
0.0579861 7 2021.26
0.0583333 0 2347.96
0.0583333 3 2332.32
0.0583333 4 2533.08
0.0583333 5 628.545
0.0583333 7 2218.32
0.0586806 0 2546.01
0.0586806 3 2530.08
0.0586806 4 2354.25
0.0586806 5 712.145
0.0586806 7 2415.86
0.0590278 4 2178.97
0.0590278 5 838.718
0.059375 4 2008.34
0.059375 5 991.849
0.0597222 4 1843.84
0.0597222 5 1160.96
0.0600694 4 1687.44
0.0600694 5 1339.87
0.0604167 4 1541.79
0.0604167 5 1525.01
0.0607639 4 1410.37
0.0607639 5 1714.2
0.0611111 4 1297.66
0.0611111 5 1906.07
0.0614583 4 1209.03
0.0614583 5 2099.74
0.0618056 4 1150.14
0.0618056 5 2294.59
0.0621528 4 1125.73
0.0621528 5 2490.16
0.0625 4 1138.05
0.0628472 4 1185.93
0.0631944 4 1265.3
0.0635417 4 1370.63
0.0638889 4 1496.36
0.0642361 4 1637.7
0.0645833 4 1790.82
0.0649306 4 1952.84
0.0652778 4 2121.57
0.065625 4 2295.4
0.0659722 4 2473.1
0.0854167 6 2504.89
0.0857639 6 2308.45
0.0861111 6 2112.67
0.0864583 6 1917.98
0.0868056 6 1724.98
0.0871528 6 1534.54
0.0875 6 1347.95
0.0878472 6 1167.3
0.0881944 6 996.057
0.0885417 6 840.212
0.0888889 6 710.182
0.0892361 6 622.528
0.0895833 6 596.346
0.0899306 6 639.267
0.0902778 6 739.323
0.090625 6 877.105
0.0909722 6 1037.59
0.0913194 6 1211.68
0.0916667 6 1394.15
0.0920139 6 1581.96
0.0923611 6 1773.26
0.0927083 6 1966.88
0.0930556 6 2162.03
0.0934028 6 2358.17
0.11875 1 2493.11
0.119097 1 2418.03
0.119444 1 2357.4
0.119792 1 2312.41
0.120139 1 2284.04
0.120486 0 2458.23
0.120486 1 2272.94
0.120486 3 2474.1
0.120833 0 2260.27
0.120833 1 2279.35
0.120833 3 2276.43
0.120833 7 2397.63
0.121181 0 2062.69
0.121181 1 2303.14
0.121181 3 2079.13
0.121181 7 2200.16
0.121528 0 1865.81
0.121528 1 2343.73
0.121528 3 1882.55
0.121528 7 2003.23
0.121875 0 1670.11
0.121875 1 2400.25
0.121875 3 1687.15
0.121875 7 1807.23
0.122222 0 1476.28
0.122222 1 2471.55
0.122222 3 1493.63
0.122222 7 1612.72
0.122569 0 1285.4
0.122569 1 2556.31
0.122569 3 1303.03
0.122569 7 1420.55
0.122917 0 1099.21
0.122917 3 1117.09
0.122917 7 1232.02
0.123264 0 920.814
0.123264 3 938.806
0.123264 7 1049.34
0.123611 0 755.965
0.123611 3 773.704
0.123611 7 876.378
0.123958 0 615.853
0.123958 3 632.414
0.123958 5 2557.89
0.123958 7 720.404
0.124306 0 521.009
0.124306 3 534.346
0.124306 5 2362.15
0.124306 7 595.122
0.124653 0 498.102
0.124653 3 505.426
0.124653 5 2167.04
0.124653 7 523.216
0.125 0 556.108
0.125 3 556.56
0.125 5 1972.95
0.125 7 527.073
0.125347 0 674.415
0.125347 3 669.609
0.125347 5 1780.43
0.125347 7 605.237
0.125694 0 827.463
0.125694 3 819.247
0.125694 5 1590.28
0.125694 7 734.289
0.126042 0 999.304
0.126042 3 988.892
0.126042 5 1403.66
0.126042 7 892.322
0.126389 0 1181.64
0.126389 3 1169.74
0.126389 5 1222.43
0.126389 7 1066.41
0.126736 0 1370.14
0.126736 3 1357.19
0.126736 5 1049.58
0.126736 7 1249.73
0.127083 0 1562.43
0.127083 3 1548.69
0.127083 5 890.223
0.127083 7 1438.61
0.127431 0 1757.1
0.127431 3 1742.74
0.127431 5 753.178
0.127431 7 1630.97
0.127778 0 1953.29
0.127778 3 1938.44
0.127778 5 652.81
0.127778 7 1825.56
0.128125 0 2150.42
0.128125 3 2135.15
0.128125 5 607.686
0.128125 7 2021.56
0.128472 0 2348.08
0.128472 3 2332.46
0.128472 4 2534.24
0.128472 5 629.836
0.128472 7 2218.45
0.128819 0 2545.98
0.128819 3 2530.05
0.128819 4 2355.46
0.128819 5 712.995
0.128819 7 2415.83
0.129167 4 2180.2
0.129167 5 839.154
0.129514 4 2009.59
0.129514 5 991.944
0.129861 4 1845.09
0.129861 5 1160.78
0.130208 4 1688.67
0.130208 5 1339.48
0.130556 4 1542.96
0.130556 5 1524.44
0.130903 4 1411.45
0.130903 5 1713.47
0.13125 4 1298.61
0.13125 5 1905.23
0.131597 4 1209.78
0.131597 5 2098.79
0.131944 4 1150.65
0.131944 5 2293.54
0.132292 4 1125.94
0.132292 5 2489.04
0.132639 4 1137.95
0.132986 4 1185.54
0.133333 4 1264.65
0.133681 4 1369.78
0.134028 4 1495.35
0.134375 4 1636.57
0.134722 4 1789.61
0.135069 4 1951.57
0.135417 4 2120.27
0.135764 4 2294.08
0.136111 4 2471.77
0.155556 6 2493.16
0.155903 6 2296.56
0.15625 6 2100.64
0.156597 6 1905.84
0.156944 6 1712.76
0.157292 6 1522.28
0.157639 6 1335.76
0.157986 6 1155.32
0.158333 6 984.549
0.158681 6 829.656
0.159028 6 701.442
0.159375 6 616.936
0.159722 6 595.156
0.160069 6 642.535
0.160417 6 745.977
0.160764 6 885.983
0.161111 6 1047.9
0.161458 6 1222.92
0.161806 6 1406.04
0.162153 6 1594.32
0.1625 6 1785.97
0.162847 6 1979.85
0.163194 6 2175.22
0.163542 6 2371.53
0.188889 1 2493.58
0.189236 1 2418.67
0.189583 1 2358.19
0.189931 1 2313.33
0.190278 1 2285.06
0.190625 0 2458.4
0.190625 1 2274.01
0.190625 3 2474.28
0.190972 0 2260.59
0.190972 1 2280.46
0.190972 3 2276.76
0.190972 7 2397.95
0.191319 0 2063.15
0.191319 1 2304.24
0.191319 3 2079.61
0.191319 7 2200.61
0.191667 0 1866.43
0.191667 1 2344.8
0.191667 3 1883.18
0.191667 7 2003.82
0.192014 0 1670.88
0.192014 1 2401.26
0.192014 3 1687.93
0.192014 7 1807.97
0.192361 0 1477.21
0.192361 1 2472.47
0.192361 3 1494.57
0.192361 7 1613.61
0.192708 0 1286.49
0.192708 1 2557.13
0.192708 3 1304.13
0.192708 7 1421.59
0.193056 0 1100.48
0.193056 3 1118.37
0.193056 7 1233.22
0.193403 0 922.27
0.193403 3 940.263
0.193403 7 1050.69
0.19375 0 757.608
0.19375 3 775.345
0.19375 7 877.898
0.194097 0 617.646
0.194097 3 634.203
0.194097 5 2559.09
0.194097 7 722.072
0.194444 0 522.793
0.194444 3 536.136
0.194444 5 2363.41
0.194444 7 596.86
0.194792 0 499.55
0.194792 3 506.905
0.194792 5 2168.35
0.194792 7 524.807
0.195139 0 556.973
0.195139 3 557.472
0.195139 5 1974.31
0.195139 7 528.21
0.195486 0 674.729
0.195486 3 669.965
0.195486 5 1781.83
0.195486 7 605.794
0.195833 0 827.362
0.195833 3 819.179
0.195833 5 1591.7
0.195833 7 734.355
0.196181 0 998.903
0.196181 3 988.514
0.196181 5 1405.1
0.196181 7 892.027
0.196528 0 1181.01
0.196528 3 1169.14
0.196528 5 1223.85
0.196528 7 1065.85
0.196875 0 1369.34
0.196875 3 1356.4
0.196875 5 1050.96
0.196875 7 1248.98
0.197222 0 1561.49
0.197222 3 1547.76
0.197222 5 891.506
0.197222 7 1437.71
0.197569 0 1756.06
0.197569 3 1741.71
0.197569 5 754.266
0.197569 7 1629.95
0.197917 0 1952.16
0.197917 3 1937.31
0.197917 5 653.556
0.197917 7 1824.44
0.198264 0 2149.21
0.198264 3 2133.94
0.198264 5 607.928
0.198264 7 2020.36
0.198611 0 2346.81
0.198611 3 2331.19
0.198611 4 2535.44
0.198611 5 629.522
0.198611 7 2217.18
0.198958 0 2544.66
0.198958 3 2528.73
0.198958 4 2356.58
0.198958 5 712.234
0.198958 7 2414.51
0.199306 4 2181.24
0.199306 5 838.098
0.199653 4 2010.52
0.199653 5 990.711
0.2 4 1845.9
0.2 5 1159.44
0.200347 4 1689.33
0.200347 5 1338.09
0.200694 4 1543.46
0.200694 5 1523.01
0.201042 4 1411.75
0.201042 5 1712.04
0.201389 4 1298.67
0.201389 5 1903.8
0.201736 4 1209.59
0.201736 5 2097.38
0.202083 4 1150.19
0.202083 5 2292.16
0.202431 4 1125.25
0.202431 5 2487.69
0.202778 4 1137.05
0.203125 4 1184.51
0.203472 4 1263.55
0.203819 4 1368.67
0.204167 4 1494.28
0.204514 4 1635.56
0.204861 4 1788.69
0.205208 4 1950.75
0.205556 4 2119.55
0.205903 4 2293.48
0.20625 4 2471.29
0.225694 6 2479.6
0.226042 6 2282.94
0.226389 6 2086.99
0.226736 6 1892.2
0.227083 6 1699.18
0.227431 6 1508.84
0.227778 6 1322.57
0.228125 6 1142.58
0.228472 6 972.593
0.228819 6 819.068
0.229167 6 693.231
0.229514 6 612.545
0.229861 6 595.737
0.230208 6 647.814
0.230556 6 754.604
0.230903 6 896.687
0.23125 6 1059.86
0.231597 6 1235.66
0.231944 6 1419.27
0.232292 6 1607.88
0.232639 6 1799.74
0.232986 6 1993.77
0.233333 6 2189.22
0.233681 6 2385.58
0.259028 1 2494.47
0.259375 1 2419.53
0.259722 1 2359
0.260069 1 2314.07
0.260417 1 2285.71
0.260764 0 2459.76
0.260764 1 2274.55
0.260764 3 2475.65
0.261111 0 2261.99
0.261111 1 2280.86
0.261111 3 2278.16
0.261111 7 2399.34
0.261458 0 2064.58
0.261458 1 2304.5
0.261458 3 2081.04
0.261458 7 2202.04
0.261806 0 1867.87
0.261806 1 2344.92
0.261806 3 1884.63
0.261806 7 2005.26
0.262153 0 1672.34
0.262153 1 2401.22
0.262153 3 1689.39
0.262153 7 1809.42
0.2625 0 1478.67
0.2625 1 2472.28
0.2625 3 1496.02
0.2625 7 1615.06
0.262847 0 1287.92
0.262847 1 2556.8
0.262847 3 1305.57
0.262847 7 1423.02
0.263194 0 1101.87
0.263194 3 1119.75
0.263194 7 1234.61
0.263542 0 923.568
0.263542 3 941.561
0.263542 7 1052.01
0.263889 0 758.743
0.263889 3 776.483
0.263889 7 879.09
0.264236 0 618.484
0.264236 3 635.053
0.264236 5 2560.39
0.264236 7 723.046
0.264583 0 523.125
0.264583 3 536.498
0.264583 5 2364.66
0.264583 7 597.461
0.264931 0 499.21
0.264931 3 506.61
0.264931 5 2169.53
0.264931 7 524.835
0.265278 0 556.06
0.265278 3 556.594
0.265278 5 1975.41
0.265278 7 527.595
0.265625 0 673.485
0.265625 3 668.74
0.265625 5 1782.83
0.265625 7 604.709
0.265972 0 825.962
0.265972 3 817.785
0.265972 5 1592.58
0.265972 7 733.022
0.266319 0 997.438
0.266319 3 987.05
0.266319 5 1405.84
0.266319 7 890.585
0.266667 0 1179.53
0.266667 3 1167.65
0.266667 5 1224.41
0.266667 7 1064.37
0.267014 0 1367.87
0.267014 3 1354.93
0.267014 5 1051.29
0.267014 7 1247.5
0.267361 0 1560.05
0.267361 3 1546.31
0.267361 5 891.547
0.267361 7 1436.25
0.267708 0 1754.65
0.267708 3 1740.29
0.267708 5 753.926
0.267708 7 1628.53
0.268056 0 1950.79
0.268056 3 1935.93
0.268056 5 652.755
0.268056 7 1823.06
0.268403 0 2147.9
0.268403 3 2132.62
0.268403 5 606.676
0.268403 7 2019.04
0.26875 0 2345.55
0.26875 3 2329.92
0.26875 4 2535.38
0.26875 5 627.987
0.26875 7 2215.92
0.269097 0 2543.47
0.269097 3 2527.53
0.269097 4 2356.37
0.269097 5 710.638
0.269097 7 2413.32
0.269444 4 2180.87
0.269444 5 836.584
0.269792 4 2009.98
0.269792 5 989.337
0.270139 4 1845.17
0.270139 5 1158.23
0.270486 4 1688.42
0.270486 5 1337.03
0.270833 4 1542.35
0.270833 5 1522.11
0.271181 4 1410.47
0.271181 5 1711.3
0.271528 4 1297.24
0.271528 5 1903.2
0.271875 4 1208.05
0.271875 5 2096.93
0.272222 4 1148.62
0.272222 5 2291.86
0.272569 4 1123.74
0.272569 5 2487.54
0.272917 4 1135.71
0.273264 4 1183.41
0.273611 4 1262.76
0.273958 4 1368.21
0.274306 4 1494.14
0.274653 4 1635.73
0.275 4 1789.16
0.275347 4 1951.51
0.275694 4 2120.58
0.276042 4 2294.77
0.276389 4 2472.83
0.295833 6 2465.55
0.296181 6 2268.94
0.296528 6 2073.09
0.296875 6 1878.44
0.297222 6 1685.63
0.297569 6 1495.59
0.297917 6 1309.76
0.298264 6 1130.43
0.298611 6 961.472
0.298958 6 809.617
0.299306 6 686.498
0.299653 6 609.918
0.3 6 598.109
0.300347 6 654.59
0.300694 6 764.321
0.301042 6 908.114
0.301389 6 1072.24
0.301736 6 1248.58
0.302083 6 1432.49
0.302431 6 1621.24
0.302778 6 1813.17
0.303125 6 2007.2
0.303472 6 2202.62
0.303819 6 2398.9
0.329167 1 2495.11
0.329514 1 2420.04
0.329861 1 2359.37
0.330208 1 2314.28
0.330556 1 2285.75
0.330903 0 2460.89
0.330903 1 2274.43
0.330903 3 2476.77
0.33125 0 2263.04
0.33125 1 2280.58
0.33125 3 2279.2
0.33125 7 2400.39
0.331597 0 2065.53
0.331597 1 2304.07
0.331597 3 2081.99
0.331597 7 2202.99
0.331944 0 1868.72
0.331944 1 2344.34
0.331944 3 1885.47
0.331944 7 2006.12
0.332292 0 1673.06
0.332292 1 2400.53
0.332292 3 1690.11
0.332292 7 1810.15
0.332639 0 1479.24
0.332639 1 2471.48
0.332639 3 1496.59
0.332639 7 1615.65
0.332986 0 1288.31
0.332986 1 2555.91
0.332986 3 1305.95
0.332986 7 1423.44
0.333333 0 1102.03
0.333333 3 1119.92
0.333333 7 1234.83
0.333681 0 923.446
0.333681 3 941.438
0.333681 7 1051.99
0.334028 0 758.244
0.334028 3 775.989
0.334028 7 878.751
0.334375 0 617.492
0.334375 3 634.076
0.334375 5 2560.38
0.334375 7 722.298
0.334722 0 521.568
0.334722 3 534.964
0.334722 5 2364.49
0.334722 7 596.204
0.335069 0 497.252
0.335069 3 504.659
0.335069 5 2169.19
0.335069 7 523.076
0.335417 0 554.082
0.335417 3 554.595
0.335417 5 1974.89
0.335417 7 525.594
0.335764 0 671.734
0.335764 3 666.954
0.335764 5 1782.11
0.335764 7 602.816
0.336111 0 824.494
0.336111 3 816.28
0.336111 5 1591.64
0.336111 7 731.401
0.336458 0 996.235
0.336458 3 985.814
0.336458 5 1404.65
0.336458 7 889.255
0.336806 0 1178.57
0.336806 3 1166.66
0.336806 5 1222.95
0.336806 7 1063.31
0.337153 0 1367.12
0.337153 3 1354.15
0.337153 5 1049.53
0.337153 7 1246.68
0.3375 0 1559.5
0.3375 3 1545.74
0.3375 5 889.446
0.3375 7 1435.65
0.337847 0 1754.29
0.337847 3 1739.91
0.337847 5 751.496
0.337847 7 1628.13
0.338194 0 1950.61
0.338194 3 1935.74
0.338194 5 650.102
0.338194 7 1822.85
0.338542 0 2147.89
0.338542 3 2132.6
0.338542 5 604.086
0.338542 7 2019.02
0.338889 0 2345.72
0.338889 3 2330.07
0.338889 4 2533.02
0.338889 5 625.841
0.338889 7 2216.07
0.339236 0 2543.8
0.339236 3 2527.85
0.339236 4 2353.82
0.339236 5 709.148
0.339236 7 2413.64
0.339583 4 2178.12
0.339583 5 835.741
0.339931 4 2007.05
0.339931 5 989.05
0.340278 4 1842.08
0.340278 5 1158.4
0.340625 4 1685.19
0.340625 5 1337.6
0.340972 4 1539.03
0.340972 5 1523.02
0.341319 4 1407.12
0.341319 5 1712.51
0.341667 4 1293.97
0.341667 5 1904.7
0.342014 4 1205
0.342014 5 2098.69
0.342361 4 1145.96
0.342361 5 2293.86
0.342708 4 1121.66
0.342708 5 2489.78
0.343056 4 1134.36
0.343403 4 1182.86
0.34375 4 1263
0.344097 4 1369.18
0.344444 4 1495.78
0.344792 4 1637.96
0.345139 4 1791.9
0.345486 4 1954.71
0.345833 4 2124.2
0.346181 4 2298.76
0.346528 4 2477.16
0.365972 6 2452.44
0.366319 6 2256.01
0.366667 6 2060.36
0.367014 6 1865.97
0.367361 6 1673.49
0.367708 6 1483.87
0.368056 6 1298.61
0.368403 6 1120.09
0.36875 6 952.304
0.369097 6 802.24
0.369444 6 681.879
0.369792 6 609.226
0.370139 6 601.883
0.370486 6 662.024
0.370833 6 774.023
0.371181 6 919.022
0.371528 6 1083.74
0.371875 6 1260.34
0.372222 6 1444.33
0.372569 6 1633.06
0.372917 6 1824.9
0.373264 6 2018.81
0.373611 6 2214.07
0.373958 6 2410.19
0.399306 1 2494.91
0.399653 1 2419.7
0.4 1 2358.9
0.400347 1 2313.69
0.400694 1 2285.06
0.401042 0 2460.4
0.401042 1 2273.66
0.401042 3 2476.27
0.401389 0 2262.36
0.401389 1 2279.75
0.401389 3 2278.52
0.401389 7 2399.72
0.401736 0 2064.67
0.401736 1 2303.21
0.401736 3 2081.11
0.401736 7 2202.14
0.402083 0 1867.64
0.402083 1 2343.47
0.402083 3 1884.38
0.402083 7 2005.06
0.402431 0 1671.75
0.402431 1 2399.68
0.402431 3 1688.79
0.402431 7 1808.87
0.402778 0 1477.67
0.402778 1 2470.68
0.402778 3 1495.02
0.402778 7 1614.13
0.403125 0 1286.47
0.403125 1 2555.18
0.403125 3 1304.1
0.403125 7 1421.66
0.403472 0 1099.86
0.403472 3 1117.74
0.403472 7 1232.75
0.403819 0 920.9
0.403819 3 938.891
0.403819 7 1049.57
0.404167 0 755.281
0.404167 3 773.029
0.404167 7 875.959
0.404514 0 614.124
0.404514 3 630.712
0.404514 5 2557.9
0.404514 7 719.109
0.404861 0 518.027
0.404861 3 531.406
0.404861 5 2361.78
0.404861 7 592.703
0.405208 0 494.143
0.405208 3 501.477
0.405208 5 2166.25
0.405208 7 519.628
0.405556 0 551.961
0.405556 3 552.361
0.405556 5 1971.7
0.405556 7 522.836
0.405903 0 670.637
0.405903 3 665.75
0.405903 5 1778.67
0.405903 7 601.115
0.40625 0 824.216
0.40625 3 815.915
0.40625 5 1587.93
0.40625 7 730.674
0.406597 0 996.586
0.406597 3 986.096
0.406597 5 1400.66
0.406597 7 889.292
0.406944 0 1179.42
0.406944 3 1167.45
0.406944 5 1218.68
0.406944 7 1063.94
0.407292 0 1368.38
0.407292 3 1355.37
0.407292 5 1044.99
0.407292 7 1247.78
0.407639 0 1561.11
0.407639 3 1547.32
0.407639 5 884.698
0.407639 7 1437.15
0.407986 0 1756.22
0.407986 3 1741.81
0.407986 5 746.699
0.407986 7 1629.98
0.408333 0 1952.83
0.408333 3 1937.93
0.408333 5 645.636
0.408333 7 1825.02
0.408681 0 2150.38
0.408681 3 2135.06
0.408681 5 600.579
0.408681 7 2021.47
0.409028 0 2348.46
0.409028 3 2332.79
0.409028 4 2527.7
0.409028 5 623.841
0.409028 7 2218.79
0.409375 0 2546.78
0.409375 3 2530.81
0.409375 4 2348.33
0.409375 5 708.717
0.409375 7 2416.61
0.409722 4 2172.48
0.409722 5 836.602
0.410069 4 2001.29
0.410069 5 990.894
0.410417 4 1836.25
0.410417 5 1161
0.410764 4 1679.35
0.410764 5 1340.79
0.411111 4 1533.28
0.411111 5 1526.71
0.411458 4 1401.6
0.411458 5 1716.62
0.411806 4 1288.88
0.411806 5 1909.18
0.412153 4 1200.58
0.412153 5 2103.5
0.4125 4 1142.5
0.4125 5 2298.97
0.412847 4 1119.41
0.412847 5 2495.17
0.413194 4 1133.48
0.413542 4 1183.37
0.413889 4 1264.82
0.414236 4 1372.14
0.414583 4 1499.72
0.414931 4 1642.73
0.415278 4 1797.37
0.415625 4 1960.77
0.415972 4 2130.78
0.416319 4 2305.78
0.416667 4 2484.58
0.436111 6 2441.54
0.436458 6 2245.36
0.436806 6 2050.01
0.437153 6 1855.96
0.4375 6 1663.88
0.437847 6 1474.76
0.438194 6 1290.13
0.438542 6 1112.44
0.438889 6 945.827
0.439236 6 797.457
0.439583 6 679.57
0.439931 6 610.225
0.440278 6 606.376
0.440625 6 669.147
0.440972 6 782.612
0.441319 6 928.273
0.441667 6 1093.22
0.442014 6 1269.83
0.442361 6 1453.71
0.442708 6 1642.27
0.443056 6 1833.92
0.443403 6 2027.6
0.44375 6 2222.64
0.444097 6 2418.52
0.469444 1 2493.42
0.469792 1 2418.18
0.470139 1 2357.37
0.470486 1 2312.21
0.470833 1 2283.65
0.471181 0 2457.21
0.471181 1 2272.37
0.471181 3 2473.07
0.471528 0 2258.93
0.471528 1 2278.62
0.471528 3 2275.07
0.471528 7 2396.29
0.471875 0 2060.97
0.471875 1 2302.27
0.471875 3 2077.41
0.471875 7 2198.46
0.472222 0 1863.68
0.472222 1 2342.77
0.472222 3 1880.41
0.472222 7 2001.12
0.472569 0 1667.5
0.472569 1 2399.22
0.472569 3 1684.54
0.472569 7 1804.66
0.472917 0 1473.13
0.472917 1 2470.49
0.472917 3 1490.46
0.472917 7 1609.63
0.473264 0 1281.6
0.473264 3 1299.23
0.473264 7 1416.86
0.473611 0 1094.66
0.473611 3 1112.54
0.473611 7 1227.64
0.473958 0 915.369
0.473958 3 933.357
0.473958 7 1044.14
0.474306 0 749.473
0.474306 3 767.217
0.474306 7 870.235
0.474653 0 608.27
0.474653 3 624.838
0.474653 7 713.208
0.475 0 512.784
0.475 3 526.079
0.475 5 2355.88
0.475 7 586.988
0.475347 0 490.604
0.475347 3 497.753
0.475347 5 2160.09
0.475347 7 514.928
0.475694 0 550.691
0.475694 3 550.872
0.475694 5 1965.28
0.475694 7 520.137
0.476042 0 671.273
0.476042 3 666.201
0.476042 5 1771.99
0.476042 7 600.616
0.476389 0 826.197
0.476389 3 817.758
0.476389 5 1581.01
0.476389 7 731.893
0.476736 0 999.517
0.476736 3 988.923
0.476736 5 1393.51
0.476736 7 891.722
0.477083 0 1183.05
0.477083 3 1171.01
0.477083 5 1211.33
0.477083 7 1067.24
0.477431 0 1372.57
0.477431 3 1359.5
0.477431 5 1037.52
0.477431 7 1251.74
0.477778 0 1565.76
0.477778 3 1551.91
0.477778 5 877.284
0.477778 7 1441.64
0.478125 0 1761.26
0.478125 3 1746.81
0.478125 5 739.707
0.478125 7 1634.91
0.478472 0 1958.23
0.478472 3 1943.28
0.478472 5 639.765
0.478472 7 1830.33
0.478819 0 2156.09
0.478819 3 2140.74
0.478819 5 596.8
0.478819 7 2027.12
0.479167 0 2354.45
0.479167 3 2338.76
0.479167 4 2519.35
0.479167 5 622.772
0.479167 7 2224.75
0.479514 3 2537.05
0.479514 4 2339.87
0.479514 5 710.145
0.479514 7 2422.86
0.479861 4 2163.96
0.479861 5 839.912
0.480208 4 1992.76
0.480208 5 995.54
0.480556 4 1827.79
0.480556 5 1166.61
0.480903 4 1671.08
0.480903 5 1347.13
0.48125 4 1525.35
0.48125 5 1533.62
0.481597 4 1394.23
0.481597 5 1724.01
0.481944 4 1282.33
0.481944 5 1916.96
0.482292 4 1195.22
0.482292 5 2111.63
0.482639 4 1138.68
0.482639 5 2307.42
0.482986 4 1117.43
0.482986 5 2503.89
0.483333 4 1133.48
0.483681 4 1185.31
0.484028 4 1268.49
0.484375 4 1377.29
0.484722 4 1506.08
0.485069 4 1650.07
0.485417 4 1805.52
0.485764 4 1969.58
0.486111 4 2140.13
0.486458 4 2315.6
0.486806 4 2494.79
0.50625 6 2433.71
0.506597 6 2237.82
0.506944 6 2042.79
0.507292 6 1849.1
0.507639 6 1657.44
0.507986 6 1468.82
0.508333 6 1284.79
0.508681 6 1107.86
0.509028 6 942.258
0.509375 6 795.283
0.509722 6 679.312
0.510069 6 612.348
0.510417 6 610.789
0.510764 6 675.079
0.511111 6 789.229
0.511458 6 935.063
0.511806 6 1099.93
0.512153 6 1276.35
0.5125 6 1460
0.512847 6 1648.31
0.513194 6 1839.7
0.513542 6 2033.12
0.513889 6 2227.9
0.514236 6 2423.53
0.539583 1 2490.43
0.539931 1 2415.35
0.540278 1 2354.76
0.540625 1 2309.88
0.540972 1 2281.67
0.541319 0 2450.72
0.541319 1 2270.79
0.541319 3 2466.58
0.541667 0 2252.18
0.541667 1 2277.5
0.541667 3 2268.32
0.541667 7 2389.56
0.542014 0 2053.96
0.542014 1 2301.64
0.542014 3 2070.39
0.542014 7 2191.46
0.542361 0 1856.39
0.542361 1 2342.65
0.542361 3 1873.12
0.542361 7 1993.85
0.542708 0 1659.94
0.542708 1 2399.63
0.542708 3 1676.97
0.542708 7 1797.13
0.543056 0 1465.28
0.543056 1 2471.43
0.543056 3 1482.61
0.543056 7 1601.83
0.543403 0 1273.49
0.543403 3 1291.11
0.543403 7 1408.79
0.54375 0 1086.3
0.54375 3 1104.17
0.54375 7 1219.33
0.544097 0 906.836
0.544097 3 924.821
0.544097 7 1035.63
0.544444 0 740.964
0.544444 3 758.696
0.544444 7 861.642
0.544792 0 600.297
0.544792 3 616.81
0.544792 7 704.829
0.545139 0 506.49
0.545139 3 519.619
0.545139 5 2346.69
0.545139 7 579.528
0.545486 0 487.513
0.545486 3 494.354
0.545486 5 2150.68
0.545486 7 509.706
0.545833 0 551.178
0.545833 3 551.034
0.545833 5 1955.66
0.545833 7 518.376
0.546181 0 674.437
0.546181 3 669.116
0.546181 5 1762.18
0.546181 7 602.16
0.546528 0 831.107
0.546528 3 822.49
0.546528 5 1571.03
0.546528 7 735.778
0.546875 0 1005.58
0.546875 3 994.862
0.546875 5 1383.41
0.546875 7 897.146
0.547222 0 1189.94
0.547222 3 1177.8
0.547222 5 1201.2
0.547222 7 1073.71
0.547569 0 1380.08
0.547569 3 1366.92
0.547569 5 1027.51
0.547569 7 1258.97
0.547917 0 1573.76
0.547917 3 1559.85
0.547917 5 867.695
0.547917 7 1449.45
0.548264 0 1769.66
0.548264 3 1755.16
0.548264 5 731.128
0.548264 7 1643.18
0.548611 0 1966.97
0.548611 3 1951.99
0.548611 5 633.21
0.548611 7 1838.99
0.548958 0 2165.14
0.548958 3 2149.76
0.548958 5 593.511
0.548958 7 2036.12
0.549306 0 2363.78
0.549306 3 2348.06
0.549306 4 2508.42
0.549306 5 623.303
0.549306 7 2234.04
0.549653 4 2328.95
0.549653 5 713.922
0.549653 7 2432.41
0.55 4 2153.1
0.55 5 845.977
0.550347 4 1982.05
0.550347 5 1003.14
0.550694 4 1817.33
0.550694 5 1175.27
0.551042 4 1661.02
0.551042 5 1356.55
0.551389 4 1515.9
0.551389 5 1543.62
0.551736 4 1385.65
0.551736 5 1734.45
0.552083 4 1274.99
0.552083 5 1927.78
0.552431 4 1189.52
0.552431 5 2122.76
0.552778 4 1135.04
0.552778 5 2318.8
0.553125 4 1116.15
0.553125 5 2515.5
0.553472 4 1134.65
0.553819 4 1188.78
0.554167 4 1273.97
0.554514 4 1384.42
0.554861 4 1514.51
0.555208 4 1659.54
0.555556 4 1815.8
0.555903 4 1980.5
0.55625 4 2151.56
0.556597 4 2327.44
0.556944 4 2506.97
0.576389 6 2429.21
0.576736 6 2233.61
0.577083 6 2038.88
0.577431 6 1845.52
0.577778 6 1654.22
0.578125 6 1466.01
0.578472 6 1282.47
0.578819 6 1106.13
0.579167 6 941.268
0.579514 6 795.246
0.579861 6 680.481
0.580208 6 614.859
0.580556 6 614.393
0.580903 6 679.21
0.58125 6 793.412
0.581597 6 939.06
0.581944 6 1103.66
0.582292 6 1279.79
0.582639 6 1463.16
0.582986 6 1651.19
0.583333 6 1842.32
0.583681 6 2035.51
0.584028 6 2230.05
0.584375 6 2425.46
0.609722 1 2486.01
0.610069 1 2411.34
0.610417 1 2351.25
0.610764 1 2306.95
0.611111 1 2279.39
0.611458 0 2440.96
0.611458 1 2269.23
0.611458 3 2456.82
0.611806 0 2242.18
0.611806 1 2276.71
0.611806 3 2258.32
0.611806 7 2379.58
0.612153 0 2043.73
0.612153 1 2301.65
0.612153 3 2060.16
0.612153 7 2181.25
0.6125 0 1845.94
0.6125 1 2343.46
0.6125 3 1862.67
0.6125 7 1983.43
0.612847 0 1649.28
0.612847 1 2401.24
0.612847 3 1666.31
0.612847 7 1786.49
0.613194 0 1454.43
0.613194 1 2473.82
0.613194 3 1471.77
0.613194 7 1591.01
0.613542 0 1262.49
0.613542 3 1280.11
0.613542 7 1397.81
0.613889 0 1075.23
0.613889 3 1093.1
0.613889 7 1208.24
0.614236 0 895.848
0.614236 3 913.83
0.614236 7 1024.54
0.614583 0 730.419
0.614583 3 748.126
0.614583 7 850.785
0.614931 0 591.009
0.614931 3 607.429
0.614931 7 694.697
0.615278 0 500.07
0.615278 3 512.945
0.615278 5 2334.75
0.615278 7 571.172
0.615625 0 485.75
0.615625 3 492.171
0.615625 5 2138.6
0.615625 7 504.874
0.615972 0 554.043
0.615972 3 553.496
0.615972 5 1943.46
0.615972 7 518.327
0.616319 0 680.472
0.616319 3 674.86
0.616319 5 1749.89
0.616319 7 606.241
0.616667 0 839.073
0.616667 3 830.259
0.616667 5 1558.71
0.616667 7 742.566
0.617014 0 1014.76
0.617014 3 1003.9
0.617014 5 1371.13
0.617014 7 905.606
0.617361 0 1199.93
0.617361 3 1187.69
0.617361 5 1189.1
0.617361 7 1083.25
0.617708 0 1390.65
0.617708 3 1377.43
0.617708 5 1015.82
0.617708 7 1269.25
0.618056 0 1584.78
0.618056 3 1570.81
0.618056 5 856.849
0.618056 7 1460.27
0.618403 0 1781.04
0.618403 3 1766.49
0.618403 5 721.903
0.618403 7 1654.42
0.61875 0 1978.64
0.61875 3 1963.62
0.61875 5 626.871
0.61875 7 1850.56
0.619097 0 2177.05
0.619097 3 2161.63
0.619097 5 591.431
0.619097 7 2047.96
0.619444 0 2375.9
0.619444 3 2360.14
0.619444 4 2495.88
0.619444 5 625.828
0.619444 7 2246.12
0.619792 4 2316.53
0.619792 5 720.099
0.619792 7 2444.68
0.620139 4 2140.89
0.620139 5 854.585
0.620486 4 1970.14
0.620486 5 1013.3
0.620833 4 1805.86
0.620833 5 1186.44
0.621181 4 1650.16
0.621181 5 1368.41
0.621528 4 1505.88
0.621528 5 1555.97
0.621875 4 1376.79
0.621875 5 1747.17
0.622222 4 1267.67
0.622222 5 1940.77
0.622569 4 1184.17
0.622569 5 2135.96
0.622917 4 1132.08
0.622917 5 2332.18
0.623264 4 1115.84
0.623611 4 1137.02
0.623958 4 1193.59
0.624306 4 1280.84
0.624653 4 1392.93
0.625 4 1524.29
0.625347 4 1670.28
0.625694 4 1827.26
0.626042 4 1992.51
0.626389 4 2163.99
0.626736 4 2340.18
0.627083 4 2519.94
0.646528 6 2427.72
0.646875 6 2232.33
0.647222 6 2037.83
0.647569 6 1844.71
0.647917 6 1653.67
0.648264 6 1465.74
0.648611 6 1282.51
0.648958 6 1106.52
0.649306 6 942.061
0.649653 6 796.504
0.65 6 682.235
0.650347 6 617.017
0.650694 6 616.677
0.651042 6 681.309
0.651389 6 795.17
0.651736 6 940.459
0.652083 6 1104.73
0.652431 6 1280.58
0.652778 6 1463.7
0.653125 6 1651.52
0.653472 6 1842.45
0.653819 6 2035.46
0.654167 6 2229.85
0.654514 6 2425.12
0.679861 1 2480.53
0.680208 1 2406.53
0.680556 1 2347.2
0.680903 1 2303.76
0.68125 1 2277.16
0.681597 0 2428.54
0.681597 1 2268
0.681597 3 2444.4
0.681944 0 2229.6
0.681944 1 2276.52
0.681944 3 2245.75
0.681944 7 2367.01
0.682292 0 2031.01
0.682292 1 2302.52
0.682292 3 2047.44
0.682292 7 2168.55
0.682639 0 1833.09
0.682639 1 2345.38
0.682639 3 1849.83
0.682639 7 1970.59
0.682986 0 1636.34
0.682986 1 2404.18
0.682986 3 1653.37
0.682986 7 1773.56
0.683333 0 1441.44
0.683333 1 2477.71
0.683333 3 1458.78
0.683333 7 1578
0.683681 0 1249.51
0.683681 3 1267.15
0.683681 7 1384.8
0.684028 0 1062.4
0.684028 3 1080.29
0.684028 7 1195.31
0.684375 0 883.425
0.684375 3 901.404
0.684375 7 1011.88
0.684722 0 718.914
0.684722 3 736.584
0.684722 7 838.711
0.685069 0 581.51
0.685069 3 597.798
0.685069 5 2517.91
0.685069 7 683.896
0.685417 0 494.541
0.685417 3 507.084
0.685417 5 2321.1
0.685417 7 562.993
0.685764 0 485.985
0.685764 3 491.908
0.685764 5 2124.91
0.685764 7 501.326
0.686111 0 559.462
0.686111 3 558.477
0.686111 5 1929.78
0.686111 7 520.463
0.686458 0 689.166
0.686458 3 683.258
0.686458 5 1736.26
0.686458 7 612.867
0.686806 0 849.636
0.686806 3 840.63
0.686806 5 1545.2
0.686806 7 751.934
0.687153 0 1026.43
0.687153 3 1015.44
0.687153 5 1357.86
0.687153 7 916.566
0.6875 0 1212.29
0.6875 3 1199.96
0.6875 5 1176.23
0.6875 7 1095.17
0.687847 0 1403.49
0.687847 3 1390.19
0.687847 5 1003.66
0.687847 7 1281.8
0.688194 0 1597.94
0.688194 3 1583.92
0.688194 5 845.92
0.688194 7 1473.24
0.688542 0 1794.45
0.688542 3 1779.85
0.688542 5 713.121
0.688542 7 1667.7
0.688889 0 1992.23
0.688889 3 1977.17
0.688889 5 621.629
0.688889 7 1864.06
0.689236 0 2190.78
0.689236 3 2175.33
0.689236 5 591.05
0.689236 7 2061.63
0.689583 0 2389.73
0.689583 3 2373.96
0.689583 4 2482.96
0.689583 5 630.343
0.689583 7 2259.92
0.689931 4 2303.87
0.689931 5 728.251
0.689931 7 2458.58
0.690278 4 2128.57
0.690278 5 865.02
0.690625 4 1958.26
0.690625 5 1025.11
0.690972 4 1794.56
0.690972 5 1199.09
0.691319 4 1639.62
0.691319 5 1381.6
0.691667 4 1496.36
0.691667 5 1569.5
0.692014 4 1368.59
0.692014 5 1760.93
0.692361 4 1261.17
0.692361 5 1954.68
0.692708 4 1179.79
0.692708 5 2149.96
0.693056 4 1130.17
0.693056 5 2346.23
0.693403 4 1116.61
0.69375 4 1140.39
0.694097 4 1199.28
0.694444 4 1288.42
0.694792 4 1401.97
0.695139 4 1534.41
0.695486 4 1681.19
0.695833 4 1838.74
0.696181 4 2004.38
0.696528 4 2176.13
0.696875 4 2352.5
0.716667 6 2428.33
0.717014 6 2233.06
0.717361 6 2038.68
0.717708 6 1845.68
0.718056 6 1654.75
0.718403 6 1466.93
0.71875 6 1283.81
0.719097 6 1107.92
0.719444 6 943.535
0.719792 6 798.009
0.720139 6 683.666
0.720486 6 618.195
0.720833 6 617.41
0.721181 6 681.535
0.721528 6 794.964
0.721875 6 939.929
0.722222 6 1103.97
0.722569 6 1279.64
0.722917 6 1462.63
0.723264 6 1650.35
0.723611 6 1841.2
0.723958 6 2034.16
0.724306 6 2228.5
0.724653 6 2423.73
0.75 1 2474.53
0.750347 1 2401.42
0.750694 1 2343.09
0.751042 1 2300.74
0.751389 1 2275.29
0.751736 0 2414.57
0.751736 1 2267.36
0.751736 3 2430.45
0.752083 0 2215.59
0.752083 1 2277.11
0.752083 3 2231.74
0.752083 7 2353.01
0.752431 0 2016.96
0.752431 1 2304.34
0.752431 3 2033.41
0.752431 7 2154.51
0.752778 0 1819.05
0.752778 1 2348.39
0.752778 3 1835.8
0.752778 7 1956.55
0.753125 0 1622.34
0.753125 1 2408.3
0.753125 3 1639.4
0.753125 7 1759.55
0.753472 0 1427.56
0.753472 1 2482.88
0.753472 3 1444.92
0.753472 7 1564.08
0.753819 0 1235.85
0.753819 3 1253.5
0.753819 7 1371.04
0.754167 0 1049.13
0.754167 3 1067.03
0.754167 7 1181.85
0.754514 0 870.877
0.754514 3 888.852
0.754514 7 998.938
0.754861 0 707.731
0.754861 3 725.352
0.754861 7 826.717
0.755208 0 572.975
0.755208 3 589.097
0.755208 5 2503.85
0.755208 7 673.667
0.755556 0 490.763
0.755556 3 502.923
0.755556 5 2307.09
0.755556 7 556.054
0.755903 0 488.475
0.755903 3 493.875
0.755903 5 2111
0.755903 7 499.707
0.75625 0 567.08
0.75625 3 565.673
0.75625 5 1916
0.75625 7 524.801
0.756597 0 699.773
0.756597 3 693.596
0.756597 5 1722.68
0.756597 7 621.526
0.756944 0 861.828
0.756944 3 852.655
0.756944 5 1531.9
0.756944 7 763.042
0.757292 0 1039.48
0.757292 3 1028.39
0.757292 5 1344.97
0.757292 7 928.998
0.757639 0 1225.84
0.757639 3 1213.44
0.757639 5 1163.95
0.757639 7 1108.35
0.757986 0 1417.33
0.757986 3 1403.98
0.757986 5 992.326
0.757986 7 1295.4
0.758333 0 1611.96
0.758333 3 1597.9
0.758333 5 836.103
0.758333 7 1487.1
0.758681 0 1808.57
0.758681 3 1793.94
0.758681 5 705.783
0.758681 7 1681.71
0.759028 0 2006.4
0.759028 3 1991.32
0.759028 5 618.129
0.759028 7 1878.16
0.759375 0 2204.96
0.759375 3 2189.5
0.759375 5 592.486
0.759375 7 2075.76
0.759722 0 2403.9
0.759722 3 2388.11
0.759722 4 2471
0.759722 5 636.412
0.759722 7 2274.05
0.760069 4 2292.26
0.760069 5 737.541
0.760069 7 2472.69
0.760417 4 2117.39
0.760417 5 876.206
0.760764 4 1947.62
0.760764 5 1037.36
0.761111 4 1784.58
0.761111 5 1211.93
0.761458 4 1630.49
0.761458 5 1394.75
0.761806 4 1488.29
0.761806 5 1582.82
0.762153 4 1361.86
0.762153 5 1774.32
0.7625 4 1256.12
0.7625 5 1968.07
0.762847 4 1176.77
0.762847 5 2163.32
0.763194 4 1129.45
0.763194 5 2359.52
0.763542 4 1118.29
0.763889 4 1144.35
0.764236 4 1205.2
0.764583 4 1295.87
0.764931 4 1410.56
0.765278 4 1543.81
0.765625 4 1691.13
0.765972 4 1849.04
0.766319 4 2014.9
0.766667 4 2186.76
0.767014 4 2363.16
0.786806 6 2429.76
0.787153 6 2234.49
0.7875 6 2040.11
0.787847 6 1847.08
0.788194 6 1656.12
0.788542 6 1468.25
0.788889 6 1285.05
0.789236 6 1109.04
0.789583 6 944.482
0.789931 6 798.69
0.790278 6 683.957
0.790625 6 617.971
0.790972 6 616.656
0.791319 6 680.393
0.791667 6 793.613
0.792014 6 938.494
0.792361 6 1102.52
0.792708 6 1278.22
0.793056 6 1461.24
0.793403 6 1649.02
0.79375 6 1839.94
0.794097 6 2032.97
0.794444 6 2227.39
0.794792 6 2422.71
0.820139 1 2468.68
0.820486 1 2396.59
0.820833 1 2339.39
0.821181 1 2298.25
0.821528 1 2274.08
0.821875 0 2400.47
0.821875 1 2267.44
0.821875 3 2416.36
0.822222 0 2201.55
0.822222 1 2278.5
0.822222 3 2217.73
0.822222 7 2338.99
0.822569 0 2003.02
0.822569 1 2306.98
0.822569 3 2019.49
0.822569 7 2140.57
0.822917 0 1805.25
0.822917 1 2352.23
0.822917 3 1822.02
0.822917 7 1942.74
0.823264 0 1608.73
0.823264 1 2413.27
0.823264 3 1625.81
0.823264 7 1745.9
0.823611 0 1414.23
0.823611 1 2488.87
0.823611 3 1431.61
0.823611 7 1550.67
0.823958 0 1222.92
0.823958 3 1240.59
0.823958 7 1357.96
0.824306 0 1036.82
0.824306 3 1054.72
0.824306 7 1169.26
0.824653 0 859.547
0.824653 3 877.516
0.824653 7 987.096
0.825 0 698.099
0.825 3 715.662
0.825 7 816.094
0.825347 0 566.385
0.825347 3 582.322
0.825347 5 2490.77
0.825347 7 665.14
0.825694 0 489.211
0.825694 3 500.977
0.825694 5 2294.18
0.825694 7 551.159
0.826042 0 492.97
0.826042 3 497.882
0.826042 5 2098.29
0.826042 7 500.231
0.826389 0 576.07
0.826389 3 574.301
0.826389 5 1903.54
0.826389 7 530.867
0.826736 0 711.158
0.826736 3 704.765
0.826736 5 1710.54
0.826736 7 631.273
0.827083 0 874.362
0.827083 3 865.063
0.827083 5 1520.16
0.827083 7 774.703
0.827431 0 1052.56
0.827431 3 1041.39
0.827431 5 1333.77
0.827431 7 941.591
0.827778 0 1239.17
0.827778 3 1226.71
0.827778 5 1153.5
0.827778 7 1121.39
0.828125 0 1430.75
0.828125 3 1417.37
0.828125 5 982.955
0.828125 7 1308.64
0.828472 0 1625.38
0.828472 3 1611.3
0.828472 5 828.372
0.828472 7 1500.41
0.828819 0 1821.94
0.828819 3 1807.3
0.828819 5 700.585
0.828819 7 1695
0.829167 0 2019.69
0.829167 3 2004.59
0.829167 5 616.636
0.829167 7 1891.39
0.829514 0 2218.14
0.829514 3 2202.67
0.829514 5 595.447
0.829514 7 2088.91
0.829861 0 2416.96
0.829861 3 2401.16
0.829861 4 2461.14
0.829861 5 643.262
0.829861 7 2287.08
0.830208 4 2282.81
0.830208 5 746.898
0.830208 7 2485.59
0.830556 4 2108.41
0.830556 5 886.916
0.830903 4 1939.19
0.830903 5 1048.73
0.83125 4 1776.83
0.83125 5 1223.6
0.831597 4 1623.55
0.831597 5 1406.53
0.831944 4 1482.35
0.831944 5 1594.58
0.832292 4 1357.14
0.832292 5 1785.99
0.832639 4 1252.87
0.832639 5 1979.63
0.832986 4 1175.24
0.832986 5 2174.72
0.833333 4 1129.81
0.833333 5 2370.76
0.833681 4 1120.56
0.834028 4 1148.36
0.834375 4 1210.64
0.834722 4 1302.39
0.835069 4 1417.82
0.835417 4 1551.56
0.835764 4 1699.16
0.836111 4 1857.21
0.836458 4 2023.11
0.836806 4 2194.94
0.837153 4 2371.27
0.8375 4 2551
0.856944 6 2430.58
0.857292 6 2235.21
0.857639 6 2040.7
0.857986 6 1847.53
0.858333 6 1656.41
0.858681 6 1468.36
0.859028 6 1284.93
0.859375 6 1108.67
0.859722 6 943.8
0.860069 6 797.639
0.860417 6 682.502
0.860764 6 616.177
0.861111 6 614.75
0.861458 6 678.638
0.861806 6 792.149
0.862153 6 937.346
0.8625 6 1101.67
0.862847 6 1277.63
0.863194 6 1460.91
0.863542 6 1648.92
0.863889 6 1840.05
0.864236 6 2033.28
0.864583 6 2227.9
0.864931 6 2423.41
0.890278 1 2463.59
0.890625 1 2392.57
0.890972 1 2336.51
0.891319 1 2296.57
0.891667 1 2273.64
0.892014 0 2387.66
0.892014 1 2268.25
0.892014 3 2403.58
0.892014 7 2524.88
0.892361 0 2188.92
0.892361 1 2280.53
0.892361 3 2205.12
0.892361 7 2326.36
0.892708 0 1990.6
0.892708 1 2310.18
0.892708 3 2007.1
0.892708 7 2128.15
0.893056 0 1793.09
0.893056 1 2356.52
0.893056 3 1809.88
0.893056 7 1930.54
0.893403 0 1596.89
0.893403 1 2418.55
0.893403 3 1613.99
0.893403 7 1733.99
0.89375 0 1402.78
0.89375 1 2495.04
0.89375 3 1420.19
0.89375 7 1539.11
0.894097 0 1212.01
0.894097 3 1229.71
0.894097 7 1346.87
0.894444 0 1026.67
0.894444 3 1044.59
0.894444 7 1158.79
0.894792 0 850.542
0.894792 3 868.505
0.894792 7 977.51
0.895139 0 690.934
0.895139 3 708.435
0.895139 7 807.86
0.895486 0 562.305
0.895486 3 578.058
0.895486 5 2479.91
0.895486 7 659.095
0.895833 0 489.855
0.895833 3 501.262
0.895833 5 2283.57
0.895833 7 548.662
0.896181 0 498.766
0.896181 3 503.277
0.896181 5 2087.97
0.896181 7 502.622
0.896528 0 585.314
0.896528 3 583.274
0.896528 5 1893.55
0.896528 7 537.807
0.896875 0 722.034
0.896875 3 715.494
0.896875 5 1700.94
0.896875 7 640.942
0.897222 0 885.891
0.897222 3 876.515
0.897222 5 1511.04
0.897222 7 785.626
0.897569 0 1064.3
0.897569 3 1053.09
0.897569 5 1325.24
0.897569 7 953.011
0.897917 0 1250.91
0.897917 3 1238.43
0.897917 5 1145.76
0.897917 7 1132.95
0.898264 0 1442.39
0.898264 3 1429
0.898264 5 976.302
0.898264 7 1320.18
0.898611 0 1636.88
0.898611 3 1622.79
0.898611 5 823.281
0.898611 7 1511.84
0.898958 0 1833.26
0.898958 3 1818.62
0.898958 5 697.784
0.898958 7 1706.28
0.899306 0 2030.82
0.899306 3 2015.72
0.899306 5 616.983
0.899306 7 1902.49
0.899653 0 2229.07
0.899653 3 2213.59
0.899653 5 599.317
0.899653 7 2099.81
0.9 0 2427.67
0.9 3 2411.87
0.9 4 2454.14
0.9 5 649.958
0.9 7 2297.77
0.900347 4 2276.2
0.900347 5 755.242
0.900347 7 2496.06
0.900694 4 2102.25
0.900694 5 896.022
0.901042 4 1933.55
0.901042 5 1058.11
0.901389 4 1771.78
0.901389 5 1233.01
0.901736 4 1619.19
0.901736 5 1415.84
0.902083 4 1478.81
0.902083 5 1603.73
0.902431 4 1354.56
0.902431 5 1794.95
0.902778 4 1251.42
0.902778 5 1988.36
0.903125 4 1175.04
0.903125 5 2183.23
0.903472 4 1130.94
0.903472 5 2379.02
0.903819 4 1122.96
0.904167 4 1151.87
0.904514 4 1214.99
0.904861 4 1307.33
0.905208 4 1423.12
0.905556 4 1557.03
0.905903 4 1704.69
0.90625 4 1862.7
0.906597 4 2028.51
0.906944 4 2200.2
0.907292 4 2376.37
0.907639 4 2555.91
0.927083 6 2429.49
0.927431 6 2233.92
0.927778 6 2039.2
0.928125 6 1845.81
0.928472 6 1654.44
0.928819 6 1466.13
0.929167 6 1282.42
0.929514 6 1105.86
0.929861 6 940.685
0.930208 6 794.259
0.930556 6 679.012
0.930903 6 612.938
0.93125 6 612.25
0.931597 6 677.157
0.931944 6 791.644
0.932292 6 937.644
0.932639 6 1102.61
0.932986 6 1279.09
0.933333 6 1462.8
0.93368 6 1651.19
0.934028 6 1842.66
0.934375 6 2036.19
0.934722 6 2231.09
0.935069 6 2426.87
0.960417 1 2459.73
0.960764 1 2389.69
0.961111 1 2334.67
0.961458 1 2295.8
0.961805 1 2273.95
0.962153 0 2377.35
0.962153 1 2269.62
0.962153 3 2393.3
0.962153 7 2514.59
0.9625 0 2178.86
0.9625 1 2282.93
0.9625 3 2195.09
0.9625 7 2316.31
0.962847 0 1980.83
0.962847 1 2313.54
0.962847 3 1997.36
0.962847 7 2118.36
0.963194 0 1783.65
0.963194 1 2360.75
0.963194 3 1800.47
0.963194 7 1921.07
0.963542 0 1587.84
0.963542 1 2423.56
0.963542 3 1604.97
0.963542 7 1724.87
0.963889 0 1394.21
0.963889 1 2500.71
0.963889 3 1411.64
0.963889 7 1530.41
0.964236 0 1204.04
0.964236 3 1221.76
0.964236 7 1338.68
0.964583 0 1019.5
0.964583 3 1037.44
0.964583 7 1151.27
0.96493 0 844.515
0.96493 3 862.471
0.96493 7 970.902
0.965278 0 686.654
0.965278 3 704.098
0.965278 7 802.565
0.965625 0 560.771
0.965625 3 576.364
0.965625 5 2472.14
0.965625 7 655.806
0.965972 0 492.193
0.965972 3 503.316
0.965972 5 2276.09
0.965972 7 548.414
0.966319 0 504.898
0.966319 3 509.126
0.966319 5 2080.8
0.966319 7 506.212
0.966667 0 593.668
0.966667 3 591.459
0.966667 5 1886.74
0.966667 7 544.601
0.967014 0 731.235
0.967014 3 724.618
0.967014 5 1694.53
0.967014 7 649.402
0.967361 0 895.277
0.967361 3 885.87
0.967361 5 1505.1
0.967361 7 794.679
0.967708 0 1073.6
0.967708 3 1062.38
0.967708 5 1319.87
0.967708 7 962.159
0.968055 0 1260.02
0.968055 3 1247.54
0.968055 5 1141.11
0.968055 7 1141.99
0.968403 0 1451.27
0.968403 3 1437.88
0.968403 5 972.6
0.968403 7 1329.01
0.96875 0 1645.5
0.96875 3 1631.41
0.96875 5 820.874
0.96875 7 1520.44
0.969097 0 1841.62
0.969097 3 1826.98
0.969097 5 697.164
0.969097 7 1714.62
0.969444 0 2038.91
0.969444 3 2023.82
0.969444 5 618.652
0.969444 7 1910.57
0.969792 0 2236.9
0.969792 3 2221.43
0.969792 5 603.324
0.969792 7 2107.63
0.970139 0 2435.24
0.970139 3 2419.44
0.970139 4 2450.21
0.970139 5 655.63
0.970139 7 2305.33
0.970486 4 2272.61
0.970486 5 761.712
0.970486 7 2503.36
0.970833 4 2099.02
0.970833 5 902.722
0.97118 4 1930.73
0.97118 5 1064.76
0.971528 4 1769.4
0.971528 5 1239.48
0.971875 4 1617.32
0.971875 5 1422.07
0.972222 4 1477.49
0.972222 5 1609.71
0.972569 4 1353.88
0.972569 5 1800.66
0.972917 4 1251.43
0.972917 5 1993.82
0.973264 4 1175.78
0.973264 5 2188.43
0.973611 4 1132.4
0.973611 5 2383.97
0.973958 4 1125.06
0.974305 4 1154.45
0.974653 4 1217.89
0.975 4 1310.38
0.975347 4 1426.2
0.975694 4 1560.05
0.976042 4 1707.59
0.976389 4 1865.45
0.976736 4 2031.09
0.977083 4 2202.6
0.97743 4 2378.58
0.977778 4 2557.93
0.997222 6 2425.53
0.997569 6 2229.71
0.997917 6 2034.73
0.998264 6 1841.08
0.998611 6 1649.45
0.998958 6 1460.87
0.999305 6 1276.9
0.999653 6 1100.1
